# Elastic forces acting on GF layer, timestep=3000
# Size Info: 79.6941 81.7981 0 1152 3
# Extra force added on each GF atom: -0.01
#index atom x y z fx fy fz
0 1 -0.00282163 -2.54585e-05 -0.189931 1.63447e-08 -1.26509e-08 0.00999778
2 2 -0.00282163 2.55617 -0.189931 1.63444e-08 -1.26511e-08 0.00999778
4 3 -0.00282163 5.11236 -0.189931 1.63444e-08 -1.26513e-08 0.00999778
6 4 -0.00282163 7.66855 -0.189931 1.63444e-08 -1.26511e-08 0.00999778
8 5 -0.00282163 10.2247 -0.189931 1.63445e-08 -1.26512e-08 0.00999778
10 6 -0.00282163 12.7809 -0.189931 1.63445e-08 -1.26512e-08 0.00999778
12 7 -0.00282163 15.3371 -0.189931 1.63446e-08 -1.2651e-08 0.00999778
14 8 -0.00282163 17.8933 -0.189931 1.63444e-08 -1.26512e-08 0.00999778
16 9 -0.00282163 20.4495 -0.189931 1.63444e-08 -1.26511e-08 0.00999778
18 10 -0.00282163 23.0057 -0.189931 1.63444e-08 -1.26511e-08 0.00999778
20 11 -0.00282163 25.5619 -0.189931 1.63445e-08 -1.26512e-08 0.00999778
22 12 -0.00282163 28.1181 -0.189931 1.63446e-08 -1.26511e-08 0.00999778
24 13 -0.00282163 30.6743 -0.189931 1.63446e-08 -1.26512e-08 0.00999778
26 14 -0.00282163 33.2305 -0.189931 1.63445e-08 -1.26512e-08 0.00999778
28 15 -0.00282163 35.7866 -0.189931 1.63445e-08 -1.26511e-08 0.00999778
30 16 -0.00282163 38.3428 -0.189931 1.63446e-08 -1.26511e-08 0.00999778
32 17 -0.00282163 40.899 -0.189931 1.63445e-08 -1.26511e-08 0.00999778
34 18 -0.00282163 43.4552 -0.189931 1.63445e-08 -1.26512e-08 0.00999778
36 19 -0.00282163 46.0114 -0.189931 1.63445e-08 -1.26511e-08 0.00999778
38 20 -0.00282163 48.5676 -0.189931 1.63445e-08 -1.26512e-08 0.00999778
40 21 -0.00282163 51.1238 -0.189931 1.63446e-08 -1.26511e-08 0.00999778
42 22 -0.00282163 53.68 -0.189931 1.63445e-08 -1.26511e-08 0.00999778
44 23 -0.00282163 56.2362 -0.189931 1.63444e-08 -1.26511e-08 0.00999778
46 24 -0.00282163 58.7924 -0.189931 1.63445e-08 -1.26513e-08 0.00999778
48 25 -0.00282163 61.3486 -0.189931 1.63445e-08 -1.26512e-08 0.00999778
50 26 -0.00282163 63.9047 -0.189931 1.63446e-08 -1.26508e-08 0.00999778
52 27 -0.00282163 66.4609 -0.189931 1.63445e-08 -1.26511e-08 0.00999778
54 28 -0.00282163 69.0171 -0.189931 1.63444e-08 -1.26511e-08 0.00999778
56 29 -0.00282163 71.5733 -0.189931 1.63445e-08 -1.26509e-08 0.00999778
58 30 -0.00282163 74.1295 -0.189931 1.63445e-08 -1.26509e-08 0.00999778
60 31 -0.00282163 76.6857 -0.189931 1.63445e-08 -1.26511e-08 0.00999778
62 32 -0.00282163 79.2419 -0.189931 1.63446e-08 -1.26511e-08 0.00999778
64 33 4.42268 -3.16813e-05 -0.188739 1.27378e-07 -4.0339e-09 0.00999648
66 34 4.42268 2.55616 -0.188739 1.27378e-07 -4.03386e-09 0.00999648
68 35 4.42268 5.11235 -0.188739 1.27378e-07 -4.03386e-09 0.00999648
70 36 4.42268 7.66854 -0.188739 1.27378e-07 -4.03381e-09 0.00999648
72 37 4.42268 10.2247 -0.188739 1.27378e-07 -4.03388e-09 0.00999648
74 38 4.42268 12.7809 -0.188739 1.27378e-07 -4.03385e-09 0.00999648
76 39 4.42268 15.3371 -0.188739 1.27378e-07 -4.03384e-09 0.00999648
78 40 4.42268 17.8933 -0.188739 1.27378e-07 -4.03393e-09 0.00999648
80 41 4.42268 20.4495 -0.188739 1.27378e-07 -4.0339e-09 0.00999648
82 42 4.42268 23.0057 -0.188739 1.27378e-07 -4.0339e-09 0.00999648
84 43 4.42268 25.5619 -0.188739 1.27378e-07 -4.03391e-09 0.00999648
86 44 4.42268 28.1181 -0.188739 1.27378e-07 -4.0339e-09 0.00999648
88 45 4.42268 30.6743 -0.188739 1.27378e-07 -4.03389e-09 0.00999648
90 46 4.42268 33.2305 -0.188739 1.27378e-07 -4.03386e-09 0.00999648
92 47 4.42268 35.7866 -0.188739 1.27378e-07 -4.03388e-09 0.00999648
94 48 4.42268 38.3428 -0.188739 1.27378e-07 -4.03375e-09 0.00999648
96 49 4.42268 40.899 -0.188739 1.27378e-07 -4.03395e-09 0.00999648
98 50 4.42268 43.4552 -0.188739 1.27378e-07 -4.03387e-09 0.00999648
100 51 4.42268 46.0114 -0.188739 1.27378e-07 -4.03372e-09 0.00999648
102 52 4.42268 48.5676 -0.188739 1.27378e-07 -4.03392e-09 0.00999648
104 53 4.42268 51.1238 -0.188739 1.27378e-07 -4.03383e-09 0.00999648
106 54 4.42268 53.68 -0.188739 1.27378e-07 -4.03394e-09 0.00999648
108 55 4.42268 56.2362 -0.188739 1.27378e-07 -4.03373e-09 0.00999648
110 56 4.42268 58.7924 -0.188739 1.27378e-07 -4.03391e-09 0.00999648
112 57 4.42268 61.3486 -0.188739 1.27378e-07 -4.03385e-09 0.00999648
114 58 4.42268 63.9047 -0.188739 1.27378e-07 -4.03376e-09 0.00999648
116 59 4.42268 66.4609 -0.188739 1.27378e-07 -4.03401e-09 0.00999648
118 60 4.42268 69.0171 -0.188739 1.27378e-07 -4.03361e-09 0.00999648
120 61 4.42268 71.5733 -0.188739 1.27378e-07 -4.03392e-09 0.00999648
122 62 4.42268 74.1295 -0.188739 1.27378e-07 -4.0336e-09 0.00999648
124 63 4.42268 76.6857 -0.188739 1.27378e-07 -4.03398e-09 0.00999648
126 64 4.42268 79.2419 -0.188739 1.27378e-07 -4.03365e-09 0.00999648
128 65 8.84808 -4.32463e-05 -0.185246 -2.51728e-07 -1.98818e-08 0.00999729
130 66 8.84808 2.55615 -0.185246 -2.51728e-07 -1.98819e-08 0.00999729
132 67 8.84808 5.11234 -0.185246 -2.51728e-07 -1.9882e-08 0.00999729
134 68 8.84808 7.66853 -0.185246 -2.51728e-07 -1.98819e-08 0.00999729
136 69 8.84808 10.2247 -0.185246 -2.51728e-07 -1.98819e-08 0.00999729
138 70 8.84808 12.7809 -0.185246 -2.51728e-07 -1.98819e-08 0.00999729
140 71 8.84808 15.3371 -0.185246 -2.51728e-07 -1.98819e-08 0.00999729
142 72 8.84808 17.8933 -0.185246 -2.51728e-07 -1.98819e-08 0.00999729
144 73 8.84808 20.4495 -0.185246 -2.51728e-07 -1.9882e-08 0.00999729
146 74 8.84808 23.0057 -0.185246 -2.51728e-07 -1.98819e-08 0.00999729
148 75 8.84808 25.5619 -0.185246 -2.51728e-07 -1.98819e-08 0.00999729
150 76 8.84808 28.1181 -0.185246 -2.51728e-07 -1.98819e-08 0.00999729
152 77 8.84808 30.6742 -0.185246 -2.51728e-07 -1.9882e-08 0.00999729
154 78 8.84808 33.2304 -0.185246 -2.51728e-07 -1.98819e-08 0.00999729
156 79 8.84808 35.7866 -0.185246 -2.51728e-07 -1.9882e-08 0.00999729
158 80 8.84808 38.3428 -0.185246 -2.51728e-07 -1.98819e-08 0.00999729
160 81 8.84808 40.899 -0.185246 -2.51728e-07 -1.98819e-08 0.00999729
162 82 8.84808 43.4552 -0.185246 -2.51728e-07 -1.9882e-08 0.00999729
164 83 8.84808 46.0114 -0.185246 -2.51728e-07 -1.98819e-08 0.00999729
166 84 8.84808 48.5676 -0.185246 -2.51728e-07 -1.98819e-08 0.00999729
168 85 8.84808 51.1238 -0.185246 -2.51728e-07 -1.9882e-08 0.00999729
170 86 8.84808 53.68 -0.185246 -2.51728e-07 -1.9882e-08 0.00999729
172 87 8.84808 56.2362 -0.185246 -2.51728e-07 -1.98819e-08 0.00999729
174 88 8.84808 58.7924 -0.185246 -2.51728e-07 -1.9882e-08 0.00999729
176 89 8.84808 61.3485 -0.185246 -2.51728e-07 -1.98819e-08 0.00999729
178 90 8.84808 63.9047 -0.185246 -2.51728e-07 -1.9882e-08 0.00999729
180 91 8.84808 66.4609 -0.185246 -2.51728e-07 -1.98818e-08 0.00999729
182 92 8.84808 69.0171 -0.185246 -2.51728e-07 -1.98818e-08 0.00999729
184 93 8.84808 71.5733 -0.185246 -2.51728e-07 -1.98819e-08 0.00999729
186 94 8.84808 74.1295 -0.185246 -2.51728e-07 -1.98818e-08 0.00999729
188 95 8.84808 76.6857 -0.185246 -2.51728e-07 -1.98819e-08 0.00999729
190 96 8.84808 79.2419 -0.185246 -2.51728e-07 -1.9882e-08 0.00999729
192 97 13.2733 -8.28729e-05 -0.178983 -2.27137e-07 -6.37033e-09 0.00999738
194 98 13.2733 2.55611 -0.178983 -2.27137e-07 -6.37043e-09 0.00999738
196 99 13.2733 5.1123 -0.178983 -2.27137e-07 -6.37042e-09 0.00999738
198 100 13.2733 7.66849 -0.178983 -2.27137e-07 -6.37044e-09 0.00999738
200 101 13.2733 10.2247 -0.178983 -2.27137e-07 -6.37046e-09 0.00999738
202 102 13.2733 12.7809 -0.178983 -2.27137e-07 -6.37043e-09 0.00999738
204 103 13.2733 15.3371 -0.178983 -2.27137e-07 -6.37041e-09 0.00999738
206 104 13.2733 17.8933 -0.178983 -2.27137e-07 -6.37044e-09 0.00999738
208 105 13.2733 20.4494 -0.178983 -2.27137e-07 -6.37043e-09 0.00999738
210 106 13.2733 23.0056 -0.178983 -2.27137e-07 -6.3705e-09 0.00999738
212 107 13.2733 25.5618 -0.178983 -2.27137e-07 -6.37039e-09 0.00999738
214 108 13.2733 28.118 -0.178983 -2.27137e-07 -6.37052e-09 0.00999738
216 109 13.2733 30.6742 -0.178983 -2.27137e-07 -6.37044e-09 0.00999738
218 110 13.2733 33.2304 -0.178983 -2.27137e-07 -6.37048e-09 0.00999738
220 111 13.2733 35.7866 -0.178983 -2.27137e-07 -6.37048e-09 0.00999738
222 112 13.2733 38.3428 -0.178983 -2.27137e-07 -6.37038e-09 0.00999738
224 113 13.2733 40.899 -0.178983 -2.27137e-07 -6.37055e-09 0.00999738
226 114 13.2733 43.4552 -0.178983 -2.27137e-07 -6.3703e-09 0.00999738
228 115 13.2733 46.0114 -0.178983 -2.27137e-07 -6.37054e-09 0.00999738
230 116 13.2733 48.5675 -0.178983 -2.27137e-07 -6.37038e-09 0.00999738
232 117 13.2733 51.1237 -0.178983 -2.27137e-07 -6.3705e-09 0.00999738
234 118 13.2733 53.6799 -0.178983 -2.27137e-07 -6.37044e-09 0.00999738
236 119 13.2733 56.2361 -0.178983 -2.27137e-07 -6.37045e-09 0.00999738
238 120 13.2733 58.7923 -0.178983 -2.27137e-07 -6.3705e-09 0.00999738
240 121 13.2733 61.3485 -0.178983 -2.27137e-07 -6.37039e-09 0.00999738
242 122 13.2733 63.9047 -0.178983 -2.27137e-07 -6.37032e-09 0.00999738
244 123 13.2733 66.4609 -0.178983 -2.27137e-07 -6.37038e-09 0.00999738
246 124 13.2733 69.0171 -0.178983 -2.27137e-07 -6.3703e-09 0.00999738
248 125 13.2733 71.5733 -0.178983 -2.27137e-07 -6.37028e-09 0.00999738
250 126 13.2733 74.1295 -0.178983 -2.27137e-07 -6.37034e-09 0.00999738
252 127 13.2733 76.6856 -0.178983 -2.27137e-07 -6.37032e-09 0.00999738
254 128 13.2733 79.2418 -0.178983 -2.27137e-07 -6.37033e-09 0.00999738
256 129 17.6982 -0.000121489 -0.168554 -1.18071e-07 -2.96218e-09 0.00999779
258 130 17.6982 2.55607 -0.168554 -1.18071e-07 -2.96216e-09 0.00999779
260 131 17.6982 5.11226 -0.168554 -1.18071e-07 -2.96218e-09 0.00999779
262 132 17.6982 7.66845 -0.168554 -1.18071e-07 -2.96214e-09 0.00999779
264 133 17.6982 10.2246 -0.168554 -1.18071e-07 -2.96216e-09 0.00999779
266 134 17.6982 12.7808 -0.168554 -1.18071e-07 -2.96215e-09 0.00999779
268 135 17.6982 15.337 -0.168554 -1.18071e-07 -2.96217e-09 0.00999779
270 136 17.6982 17.8932 -0.168554 -1.18071e-07 -2.96216e-09 0.00999779
272 137 17.6982 20.4494 -0.168554 -1.18071e-07 -2.96208e-09 0.00999779
274 138 17.6982 23.0056 -0.168554 -1.18071e-07 -2.96219e-09 0.00999779
276 139 17.6982 25.5618 -0.168554 -1.18071e-07 -2.96218e-09 0.00999779
278 140 17.6982 28.118 -0.168554 -1.18071e-07 -2.96214e-09 0.00999779
280 141 17.6982 30.6742 -0.168554 -1.18071e-07 -2.96229e-09 0.00999779
282 142 17.6982 33.2304 -0.168554 -1.18071e-07 -2.96207e-09 0.00999779
284 143 17.6982 35.7866 -0.168554 -1.18071e-07 -2.96223e-09 0.00999779
286 144 17.6982 38.3427 -0.168554 -1.18071e-07 -2.96215e-09 0.00999779
288 145 17.6982 40.8989 -0.168554 -1.18071e-07 -2.96223e-09 0.00999779
290 146 17.6982 43.4551 -0.168554 -1.18071e-07 -2.96216e-09 0.00999779
292 147 17.6982 46.0113 -0.168554 -1.18071e-07 -2.96221e-09 0.00999779
294 148 17.6982 48.5675 -0.168554 -1.18071e-07 -2.96223e-09 0.00999779
296 149 17.6982 51.1237 -0.168554 -1.18071e-07 -2.96216e-09 0.00999779
298 150 17.6982 53.6799 -0.168554 -1.18071e-07 -2.9622e-09 0.00999779
300 151 17.6982 56.2361 -0.168554 -1.18071e-07 -2.96219e-09 0.00999779
302 152 17.6982 58.7923 -0.168554 -1.18071e-07 -2.96219e-09 0.00999779
304 153 17.6982 61.3485 -0.168554 -1.18071e-07 -2.96222e-09 0.00999779
306 154 17.6982 63.9047 -0.168554 -1.18071e-07 -2.96213e-09 0.00999779
308 155 17.6982 66.4608 -0.168554 -1.18071e-07 -2.96216e-09 0.00999779
310 156 17.6982 69.017 -0.168554 -1.18071e-07 -2.96226e-09 0.00999779
312 157 17.6982 71.5732 -0.168554 -1.18071e-07 -2.96219e-09 0.00999779
314 158 17.6982 74.1294 -0.168554 -1.18071e-07 -2.9621e-09 0.00999779
316 159 17.6982 76.6856 -0.168554 -1.18071e-07 -2.96228e-09 0.00999779
318 160 17.6982 79.2418 -0.168554 -1.18071e-07 -2.96211e-09 0.00999779
320 161 22.1234 -0.000117272 -0.152393 -1.71662e-07 -3.60277e-10 0.00999792
322 162 22.1234 2.55607 -0.152393 -1.71662e-07 -3.60305e-10 0.00999792
324 163 22.1234 5.11226 -0.152393 -1.71662e-07 -3.60388e-10 0.00999792
326 164 22.1234 7.66846 -0.152393 -1.71662e-07 -3.60366e-10 0.00999792
328 165 22.1234 10.2246 -0.152393 -1.71662e-07 -3.60325e-10 0.00999792
330 166 22.1234 12.7808 -0.152393 -1.71662e-07 -3.6034e-10 0.00999792
332 167 22.1234 15.337 -0.152393 -1.71662e-07 -3.60342e-10 0.00999792
334 168 22.1234 17.8932 -0.152393 -1.71662e-07 -3.60271e-10 0.00999792
336 169 22.1234 20.4494 -0.152393 -1.71662e-07 -3.60303e-10 0.00999792
338 170 22.1234 23.0056 -0.152393 -1.71662e-07 -3.60375e-10 0.00999792
340 171 22.1234 25.5618 -0.152393 -1.71662e-07 -3.60282e-10 0.00999792
342 172 22.1234 28.118 -0.152393 -1.71662e-07 -3.6027e-10 0.00999792
344 173 22.1234 30.6742 -0.152393 -1.71662e-07 -3.60304e-10 0.00999792
346 174 22.1234 33.2304 -0.152393 -1.71662e-07 -3.60363e-10 0.00999792
348 175 22.1234 35.7866 -0.152393 -1.71662e-07 -3.6039e-10 0.00999792
350 176 22.1234 38.3427 -0.152393 -1.71662e-07 -3.6041e-10 0.00999792
352 177 22.1234 40.8989 -0.152393 -1.71662e-07 -3.6039e-10 0.00999792
354 178 22.1234 43.4551 -0.152393 -1.71662e-07 -3.60396e-10 0.00999792
356 179 22.1234 46.0113 -0.152393 -1.71662e-07 -3.60307e-10 0.00999792
358 180 22.1234 48.5675 -0.152393 -1.71662e-07 -3.60416e-10 0.00999792
360 181 22.1234 51.1237 -0.152393 -1.71662e-07 -3.60357e-10 0.00999792
362 182 22.1234 53.6799 -0.152393 -1.71662e-07 -3.60333e-10 0.00999792
364 183 22.1234 56.2361 -0.152393 -1.71662e-07 -3.60367e-10 0.00999792
366 184 22.1234 58.7923 -0.152393 -1.71662e-07 -3.60393e-10 0.00999792
368 185 22.1234 61.3485 -0.152393 -1.71662e-07 -3.6043e-10 0.00999792
370 186 22.1234 63.9047 -0.152393 -1.71662e-07 -3.6017e-10 0.00999792
372 187 22.1234 66.4608 -0.152393 -1.71662e-07 -3.60495e-10 0.00999792
374 188 22.1234 69.017 -0.152393 -1.71662e-07 -3.60631e-10 0.00999792
376 189 22.1234 71.5732 -0.152393 -1.71662e-07 -3.6017e-10 0.00999792
378 190 22.1234 74.1294 -0.152393 -1.71662e-07 -3.6018e-10 0.00999792
380 191 22.1234 76.6856 -0.152393 -1.71662e-07 -3.60563e-10 0.00999792
382 192 22.1234 79.2418 -0.152393 -1.71662e-07 -3.605e-10 0.00999792
384 193 26.5494 -5.39079e-05 -0.126935 -3.9603e-07 -2.00188e-08 0.00999833
386 194 26.5494 2.55614 -0.126935 -3.9603e-07 -2.00187e-08 0.00999833
388 195 26.5494 5.11233 -0.126935 -3.9603e-07 -2.00186e-08 0.00999833
390 196 26.5494 7.66852 -0.126935 -3.9603e-07 -2.00187e-08 0.00999833
392 197 26.5494 10.2247 -0.126935 -3.9603e-07 -2.00186e-08 0.00999833
394 198 26.5494 12.7809 -0.126935 -3.9603e-07 -2.00187e-08 0.00999833
396 199 26.5494 15.3371 -0.126935 -3.9603e-07 -2.00186e-08 0.00999833
398 200 26.5494 17.8933 -0.126935 -3.9603e-07 -2.00187e-08 0.00999833
400 201 26.5494 20.4495 -0.126935 -3.9603e-07 -2.00187e-08 0.00999833
402 202 26.5494 23.0057 -0.126935 -3.9603e-07 -2.00187e-08 0.00999833
404 203 26.5494 25.5619 -0.126935 -3.9603e-07 -2.00187e-08 0.00999833
406 204 26.5494 28.118 -0.126935 -3.9603e-07 -2.00187e-08 0.00999833
408 205 26.5494 30.6742 -0.126935 -3.9603e-07 -2.00186e-08 0.00999833
410 206 26.5494 33.2304 -0.126935 -3.9603e-07 -2.00188e-08 0.00999833
412 207 26.5494 35.7866 -0.126935 -3.9603e-07 -2.00187e-08 0.00999833
414 208 26.5494 38.3428 -0.126935 -3.9603e-07 -2.00186e-08 0.00999833
416 209 26.5494 40.899 -0.126935 -3.9603e-07 -2.00188e-08 0.00999833
418 210 26.5494 43.4552 -0.126935 -3.9603e-07 -2.00186e-08 0.00999833
420 211 26.5494 46.0114 -0.126935 -3.9603e-07 -2.00187e-08 0.00999833
422 212 26.5494 48.5676 -0.126935 -3.9603e-07 -2.00188e-08 0.00999833
424 213 26.5494 51.1238 -0.126935 -3.9603e-07 -2.00186e-08 0.00999833
426 214 26.5494 53.68 -0.126935 -3.9603e-07 -2.00186e-08 0.00999833
428 215 26.5494 56.2361 -0.126935 -3.9603e-07 -2.00189e-08 0.00999833
430 216 26.5494 58.7923 -0.126935 -3.9603e-07 -2.00185e-08 0.00999833
432 217 26.5494 61.3485 -0.126935 -3.9603e-07 -2.00188e-08 0.00999833
434 218 26.5494 63.9047 -0.126935 -3.9603e-07 -2.00187e-08 0.00999833
436 219 26.5494 66.4609 -0.126935 -3.9603e-07 -2.00185e-08 0.00999833
438 220 26.5494 69.0171 -0.126935 -3.9603e-07 -2.00186e-08 0.00999833
440 221 26.5494 71.5733 -0.126935 -3.9603e-07 -2.00187e-08 0.00999833
442 222 26.5494 74.1295 -0.126935 -3.9603e-07 -2.00188e-08 0.00999833
444 223 26.5494 76.6857 -0.126935 -3.9603e-07 -2.00186e-08 0.00999833
446 224 26.5494 79.2419 -0.126935 -3.9603e-07 -2.00185e-08 0.00999833
448 225 30.979 5.75672e-05 -0.0780497 0.00026816 -5.73101e-09 -0.00521771
450 226 30.979 2.55625 -0.0780497 0.00026816 -5.731e-09 -0.00521771
452 227 30.979 5.11244 -0.0780497 0.00026816 -5.73099e-09 -0.00521771
454 228 30.979 7.66863 -0.0780497 0.00026816 -5.73097e-09 -0.00521771
456 229 30.979 10.2248 -0.0780497 0.00026816 -5.73084e-09 -0.00521771
458 230 30.979 12.781 -0.0780497 0.00026816 -5.7309e-09 -0.00521771
460 231 30.979 15.3372 -0.0780497 0.00026816 -5.7309e-09 -0.00521771
462 232 30.979 17.8934 -0.0780497 0.00026816 -5.73095e-09 -0.00521771
464 233 30.979 20.4496 -0.0780497 0.00026816 -5.73098e-09 -0.00521771
466 234 30.979 23.0058 -0.0780497 0.00026816 -5.73095e-09 -0.00521771
468 235 30.979 25.562 -0.0780497 0.00026816 -5.73092e-09 -0.00521771
470 236 30.979 28.1182 -0.0780497 0.00026816 -5.73091e-09 -0.00521771
472 237 30.979 30.6743 -0.0780497 0.00026816 -5.73098e-09 -0.00521771
474 238 30.979 33.2305 -0.0780497 0.00026816 -5.73102e-09 -0.00521771
476 239 30.979 35.7867 -0.0780497 0.00026816 -5.73079e-09 -0.00521771
478 240 30.979 38.3429 -0.0780497 0.00026816 -5.73101e-09 -0.00521771
480 241 30.979 40.8991 -0.0780497 0.00026816 -5.73089e-09 -0.00521771
482 242 30.979 43.4553 -0.0780497 0.00026816 -5.73098e-09 -0.00521771
484 243 30.979 46.0115 -0.0780497 0.00026816 -5.73088e-09 -0.00521771
486 244 30.979 48.5677 -0.0780497 0.00026816 -5.73094e-09 -0.00521771
488 245 30.979 51.1239 -0.0780497 0.00026816 -5.73094e-09 -0.00521771
490 246 30.979 53.6801 -0.0780497 0.00026816 -5.73087e-09 -0.00521771
492 247 30.979 56.2363 -0.0780497 0.00026816 -5.73096e-09 -0.00521771
494 248 30.979 58.7925 -0.0780497 0.00026816 -5.73098e-09 -0.00521771
496 249 30.979 61.3486 -0.0780497 0.00026816 -5.73084e-09 -0.00521771
498 250 30.979 63.9048 -0.0780497 0.00026816 -5.73097e-09 -0.00521771
500 251 30.979 66.461 -0.0780497 0.00026816 -5.7307e-09 -0.00521771
502 252 30.979 69.0172 -0.0780497 0.00026816 -5.73082e-09 -0.00521771
504 253 30.979 71.5734 -0.0780497 0.00026816 -5.73081e-09 -0.00521771
506 254 30.979 74.1296 -0.0780497 0.00026816 -5.73074e-09 -0.00521771
508 255 30.979 76.6858 -0.0780497 0.00026816 -5.73089e-09 -0.00521771
510 256 30.979 79.242 -0.0780497 0.00026816 -5.73062e-09 -0.00521771
512 257 35.4151 5.90095e-05 -0.0204109 0.000417764 -8.68409e-09 -0.0376699
514 258 35.4151 2.55625 -0.0204109 0.000417764 -8.68412e-09 -0.0376699
516 259 35.4151 5.11244 -0.0204109 0.000417764 -8.68407e-09 -0.0376699
518 260 35.4151 7.66863 -0.0204109 0.000417764 -8.68402e-09 -0.0376699
520 261 35.4151 10.2248 -0.0204109 0.000417764 -8.68415e-09 -0.0376699
522 262 35.4151 12.781 -0.0204109 0.000417764 -8.68404e-09 -0.0376699
524 263 35.4151 15.3372 -0.0204109 0.000417764 -8.68408e-09 -0.0376699
526 264 35.4151 17.8934 -0.0204109 0.000417764 -8.68406e-09 -0.0376699
528 265 35.4151 20.4496 -0.0204109 0.000417764 -8.68413e-09 -0.0376699
530 266 35.4151 23.0058 -0.0204109 0.000417764 -8.68405e-09 -0.0376699
532 267 35.4151 25.562 -0.0204109 0.000417764 -8.68405e-09 -0.0376699
534 268 35.4151 28.1182 -0.0204109 0.000417764 -8.68411e-09 -0.0376699
536 269 35.4151 30.6744 -0.0204109 0.000417764 -8.68404e-09 -0.0376699
538 270 35.4151 33.2305 -0.0204109 0.000417764 -8.68397e-09 -0.0376699
540 271 35.4151 35.7867 -0.0204109 0.000417764 -8.68407e-09 -0.0376699
542 272 35.4151 38.3429 -0.0204109 0.000417764 -8.68403e-09 -0.0376699
544 273 35.4151 40.8991 -0.0204109 0.000417764 -8.68404e-09 -0.0376699
546 274 35.4151 43.4553 -0.0204109 0.000417764 -8.68406e-09 -0.0376699
548 275 35.4151 46.0115 -0.0204109 0.000417764 -8.68399e-09 -0.0376699
550 276 35.4151 48.5677 -0.0204109 0.000417764 -8.68404e-09 -0.0376699
552 277 35.4151 51.1239 -0.0204109 0.000417764 -8.68394e-09 -0.0376699
554 278 35.4151 53.6801 -0.0204109 0.000417764 -8.68401e-09 -0.0376699
556 279 35.4151 56.2363 -0.0204109 0.000417764 -8.68395e-09 -0.0376699
558 280 35.4151 58.7925 -0.0204109 0.000417764 -8.68402e-09 -0.0376699
560 281 35.4151 61.3486 -0.0204109 0.000417764 -8.68409e-09 -0.0376699
562 282 35.4151 63.9048 -0.0204109 0.000417764 -8.68396e-09 -0.0376699
564 283 35.4151 66.461 -0.0204109 0.000417764 -8.6842e-09 -0.0376699
566 284 35.4151 69.0172 -0.0204109 0.000417764 -8.68409e-09 -0.0376699
568 285 35.4151 71.5734 -0.0204109 0.000417764 -8.68426e-09 -0.0376699
570 286 35.4151 74.1296 -0.0204109 0.000417764 -8.68417e-09 -0.0376699
572 287 35.4151 76.6858 -0.0204109 0.000417764 -8.68413e-09 -0.0376699
574 288 35.4151 79.242 -0.0204109 0.000417764 -8.68413e-09 -0.0376699
576 289 39.8539 6.3723e-05 -0.00132789 -5.68433e-06 -4.07106e-09 -0.044055
578 290 39.8539 2.55625 -0.00132789 -5.68433e-06 -4.07102e-09 -0.044055
580 291 39.8539 5.11245 -0.00132789 -5.68433e-06 -4.071e-09 -0.044055
582 292 39.8539 7.66864 -0.00132789 -5.68433e-06 -4.07109e-09 -0.044055
584 293 39.8539 10.2248 -0.00132789 -5.68433e-06 -4.07098e-09 -0.044055
586 294 39.8539 12.781 -0.00132789 -5.68433e-06 -4.07097e-09 -0.044055
588 295 39.8539 15.3372 -0.00132789 -5.68433e-06 -4.07107e-09 -0.044055
590 296 39.8539 17.8934 -0.00132789 -5.68433e-06 -4.07099e-09 -0.044055
592 297 39.8539 20.4496 -0.00132789 -5.68433e-06 -4.07102e-09 -0.044055
594 298 39.8539 23.0058 -0.00132789 -5.68433e-06 -4.07099e-09 -0.044055
596 299 39.8539 25.562 -0.00132789 -5.68433e-06 -4.07105e-09 -0.044055
598 300 39.8539 28.1182 -0.00132789 -5.68433e-06 -4.07099e-09 -0.044055
600 301 39.8539 30.6744 -0.00132789 -5.68433e-06 -4.07099e-09 -0.044055
602 302 39.8539 33.2305 -0.00132789 -5.68433e-06 -4.0711e-09 -0.044055
604 303 39.8539 35.7867 -0.00132789 -5.68433e-06 -4.07104e-09 -0.044055
606 304 39.8539 38.3429 -0.00132789 -5.68433e-06 -4.07107e-09 -0.044055
608 305 39.8539 40.8991 -0.00132789 -5.68433e-06 -4.07108e-09 -0.044055
610 306 39.8539 43.4553 -0.00132789 -5.68433e-06 -4.07098e-09 -0.044055
612 307 39.8539 46.0115 -0.00132789 -5.68433e-06 -4.07108e-09 -0.044055
614 308 39.8539 48.5677 -0.00132789 -5.68433e-06 -4.07101e-09 -0.044055
616 309 39.8539 51.1239 -0.00132789 -5.68433e-06 -4.07111e-09 -0.044055
618 310 39.8539 53.6801 -0.00132789 -5.68433e-06 -4.07097e-09 -0.044055
620 311 39.8539 56.2363 -0.00132789 -5.68433e-06 -4.07105e-09 -0.044055
622 312 39.8539 58.7925 -0.00132789 -5.68433e-06 -4.07104e-09 -0.044055
624 313 39.8539 61.3486 -0.00132789 -5.68433e-06 -4.07108e-09 -0.044055
626 314 39.8539 63.9048 -0.00132789 -5.68433e-06 -4.0711e-09 -0.044055
628 315 39.8539 66.461 -0.00132789 -5.68433e-06 -4.07109e-09 -0.044055
630 316 39.8539 69.0172 -0.00132789 -5.68433e-06 -4.07127e-09 -0.044055
632 317 39.8539 71.5734 -0.00132789 -5.68433e-06 -4.07127e-09 -0.044055
634 318 39.8539 74.1296 -0.00132789 -5.68433e-06 -4.07112e-09 -0.044055
636 319 39.8539 76.6858 -0.00132789 -5.68433e-06 -4.07127e-09 -0.044055
638 320 39.8539 79.242 -0.00132789 -5.68433e-06 -4.0712e-09 -0.044055
640 321 44.2905 6.20609e-05 -0.0213502 -0.000428624 -3.02444e-09 -0.0377335
642 322 44.2905 2.55625 -0.0213502 -0.000428624 -3.02433e-09 -0.0377335
644 323 44.2905 5.11244 -0.0213502 -0.000428624 -3.02438e-09 -0.0377335
646 324 44.2905 7.66864 -0.0213502 -0.000428624 -3.02432e-09 -0.0377335
648 325 44.2905 10.2248 -0.0213502 -0.000428624 -3.02431e-09 -0.0377335
650 326 44.2905 12.781 -0.0213502 -0.000428624 -3.02431e-09 -0.0377335
652 327 44.2905 15.3372 -0.0213502 -0.000428624 -3.02435e-09 -0.0377335
654 328 44.2905 17.8934 -0.0213502 -0.000428624 -3.02431e-09 -0.0377335
656 329 44.2905 20.4496 -0.0213502 -0.000428624 -3.02435e-09 -0.0377335
658 330 44.2905 23.0058 -0.0213502 -0.000428624 -3.02436e-09 -0.0377335
660 331 44.2905 25.562 -0.0213502 -0.000428624 -3.02433e-09 -0.0377335
662 332 44.2905 28.1182 -0.0213502 -0.000428624 -3.02433e-09 -0.0377335
664 333 44.2905 30.6744 -0.0213502 -0.000428624 -3.02432e-09 -0.0377335
666 334 44.2905 33.2305 -0.0213502 -0.000428624 -3.02437e-09 -0.0377335
668 335 44.2905 35.7867 -0.0213502 -0.000428624 -3.02431e-09 -0.0377335
670 336 44.2905 38.3429 -0.0213502 -0.000428624 -3.02437e-09 -0.0377335
672 337 44.2905 40.8991 -0.0213502 -0.000428624 -3.02443e-09 -0.0377335
674 338 44.2905 43.4553 -0.0213502 -0.000428624 -3.02431e-09 -0.0377335
676 339 44.2905 46.0115 -0.0213502 -0.000428624 -3.02433e-09 -0.0377335
678 340 44.2905 48.5677 -0.0213502 -0.000428624 -3.02433e-09 -0.0377335
680 341 44.2905 51.1239 -0.0213502 -0.000428624 -3.02438e-09 -0.0377335
682 342 44.2905 53.6801 -0.0213502 -0.000428624 -3.0243e-09 -0.0377335
684 343 44.2905 56.2363 -0.0213502 -0.000428624 -3.02439e-09 -0.0377335
686 344 44.2905 58.7925 -0.0213502 -0.000428624 -3.02443e-09 -0.0377335
688 345 44.2905 61.3486 -0.0213502 -0.000428624 -3.02433e-09 -0.0377335
690 346 44.2905 63.9048 -0.0213502 -0.000428624 -3.02441e-09 -0.0377335
692 347 44.2905 66.461 -0.0213502 -0.000428624 -3.02441e-09 -0.0377335
694 348 44.2905 69.0172 -0.0213502 -0.000428624 -3.02448e-09 -0.0377335
696 349 44.2905 71.5734 -0.0213502 -0.000428624 -3.02438e-09 -0.0377335
698 350 44.2905 74.1296 -0.0213502 -0.000428624 -3.02447e-09 -0.0377335
700 351 44.2905 76.6858 -0.0213502 -0.000428624 -3.02445e-09 -0.0377335
702 352 44.2905 79.242 -0.0213502 -0.000428624 -3.02428e-09 -0.0377335
704 353 48.7206 9.11958e-05 -0.0797825 -0.000256167 1.11671e-08 -0.00437907
706 354 48.7206 2.55628 -0.0797825 -0.000256167 1.1167e-08 -0.00437907
708 355 48.7206 5.11247 -0.0797825 -0.000256167 1.1167e-08 -0.00437907
710 356 48.7206 7.66866 -0.0797825 -0.000256167 1.1167e-08 -0.00437907
712 357 48.7206 10.2249 -0.0797825 -0.000256167 1.1167e-08 -0.00437907
714 358 48.7206 12.781 -0.0797825 -0.000256167 1.1167e-08 -0.00437907
716 359 48.7206 15.3372 -0.0797825 -0.000256167 1.1167e-08 -0.00437907
718 360 48.7206 17.8934 -0.0797825 -0.000256167 1.1167e-08 -0.00437907
720 361 48.7206 20.4496 -0.0797825 -0.000256167 1.1167e-08 -0.00437907
722 362 48.7206 23.0058 -0.0797825 -0.000256167 1.1167e-08 -0.00437907
724 363 48.7206 25.562 -0.0797825 -0.000256167 1.1167e-08 -0.00437907
726 364 48.7206 28.1182 -0.0797825 -0.000256167 1.11671e-08 -0.00437907
728 365 48.7206 30.6744 -0.0797825 -0.000256167 1.1167e-08 -0.00437907
730 366 48.7206 33.2306 -0.0797825 -0.000256167 1.11671e-08 -0.00437907
732 367 48.7206 35.7868 -0.0797825 -0.000256167 1.11671e-08 -0.00437907
734 368 48.7206 38.343 -0.0797825 -0.000256167 1.11669e-08 -0.00437907
736 369 48.7206 40.8991 -0.0797825 -0.000256167 1.11671e-08 -0.00437907
738 370 48.7206 43.4553 -0.0797825 -0.000256167 1.11671e-08 -0.00437907
740 371 48.7206 46.0115 -0.0797825 -0.000256167 1.11671e-08 -0.00437907
742 372 48.7206 48.5677 -0.0797825 -0.000256167 1.11671e-08 -0.00437907
744 373 48.7206 51.1239 -0.0797825 -0.000256167 1.1167e-08 -0.00437907
746 374 48.7206 53.6801 -0.0797825 -0.000256167 1.11669e-08 -0.00437907
748 375 48.7206 56.2363 -0.0797825 -0.000256167 1.11671e-08 -0.00437907
750 376 48.7206 58.7925 -0.0797825 -0.000256167 1.11669e-08 -0.00437907
752 377 48.7206 61.3487 -0.0797825 -0.000256167 1.11671e-08 -0.00437907
754 378 48.7206 63.9049 -0.0797825 -0.000256167 1.11671e-08 -0.00437907
756 379 48.7206 66.4611 -0.0797825 -0.000256167 1.11668e-08 -0.00437907
758 380 48.7206 69.0172 -0.0797825 -0.000256167 1.11671e-08 -0.00437907
760 381 48.7206 71.5734 -0.0797825 -0.000256167 1.11669e-08 -0.00437907
762 382 48.7206 74.1296 -0.0797825 -0.000256167 1.11671e-08 -0.00437907
764 383 48.7206 76.6858 -0.0797825 -0.000256167 1.1167e-08 -0.00437907
766 384 48.7206 79.242 -0.0797825 -0.000256167 1.11668e-08 -0.00437907
768 385 53.1452 0.000148011 -0.128026 2.76685e-07 -8.93973e-09 0.0099984
770 386 53.1452 2.55634 -0.128026 2.76685e-07 -8.93978e-09 0.0099984
772 387 53.1452 5.11253 -0.128026 2.76685e-07 -8.93985e-09 0.0099984
774 388 53.1452 7.66872 -0.128026 2.76685e-07 -8.93987e-09 0.0099984
776 389 53.1452 10.2249 -0.128026 2.76685e-07 -8.93988e-09 0.0099984
778 390 53.1452 12.7811 -0.128026 2.76685e-07 -8.93983e-09 0.0099984
780 391 53.1452 15.3373 -0.128026 2.76685e-07 -8.9399e-09 0.0099984
782 392 53.1452 17.8935 -0.128026 2.76685e-07 -8.93984e-09 0.0099984
784 393 53.1452 20.4497 -0.128026 2.76685e-07 -8.93986e-09 0.0099984
786 394 53.1452 23.0059 -0.128026 2.76685e-07 -8.93976e-09 0.0099984
788 395 53.1452 25.5621 -0.128026 2.76685e-07 -8.93991e-09 0.0099984
790 396 53.1452 28.1182 -0.128026 2.76685e-07 -8.93982e-09 0.0099984
792 397 53.1452 30.6744 -0.128026 2.76685e-07 -8.93988e-09 0.0099984
794 398 53.1452 33.2306 -0.128026 2.76685e-07 -8.93978e-09 0.0099984
796 399 53.1452 35.7868 -0.128026 2.76685e-07 -8.93994e-09 0.0099984
798 400 53.1452 38.343 -0.128026 2.76685e-07 -8.93977e-09 0.0099984
800 401 53.1452 40.8992 -0.128026 2.76685e-07 -8.93991e-09 0.0099984
802 402 53.1452 43.4554 -0.128026 2.76685e-07 -8.93983e-09 0.0099984
804 403 53.1452 46.0116 -0.128026 2.76685e-07 -8.93987e-09 0.0099984
806 404 53.1452 48.5678 -0.128026 2.76685e-07 -8.93978e-09 0.0099984
808 405 53.1452 51.124 -0.128026 2.76685e-07 -8.94e-09 0.0099984
810 406 53.1452 53.6802 -0.128026 2.76685e-07 -8.93977e-09 0.0099984
812 407 53.1452 56.2364 -0.128026 2.76685e-07 -8.9399e-09 0.0099984
814 408 53.1452 58.7925 -0.128026 2.76685e-07 -8.93976e-09 0.0099984
816 409 53.1452 61.3487 -0.128026 2.76685e-07 -8.93989e-09 0.0099984
818 410 53.1452 63.9049 -0.128026 2.76685e-07 -8.93984e-09 0.0099984
820 411 53.1452 66.4611 -0.128026 2.76685e-07 -8.94006e-09 0.0099984
822 412 53.1452 69.0173 -0.128026 2.76685e-07 -8.93994e-09 0.0099984
824 413 53.1452 71.5735 -0.128026 2.76685e-07 -8.93987e-09 0.0099984
826 414 53.1452 74.1297 -0.128026 2.76685e-07 -8.93961e-09 0.0099984
828 415 53.1452 76.6859 -0.128026 2.76685e-07 -8.94002e-09 0.0099984
830 416 53.1452 79.2421 -0.128026 2.76685e-07 -8.94017e-09 0.0099984
832 417 57.5686 7.73794e-05 -0.153324 3.66897e-07 -1.49888e-08 0.00999796
834 418 57.5686 2.55627 -0.153324 3.66897e-07 -1.49889e-08 0.00999796
836 419 57.5686 5.11246 -0.153324 3.66897e-07 -1.49889e-08 0.00999796
838 420 57.5686 7.66865 -0.153324 3.66897e-07 -1.49889e-08 0.00999796
840 421 57.5686 10.2248 -0.153324 3.66897e-07 -1.49889e-08 0.00999796
842 422 57.5686 12.781 -0.153324 3.66897e-07 -1.49889e-08 0.00999796
844 423 57.5686 15.3372 -0.153324 3.66897e-07 -1.49889e-08 0.00999796
846 424 57.5686 17.8934 -0.153324 3.66897e-07 -1.49889e-08 0.00999796
848 425 57.5686 20.4496 -0.153324 3.66898e-07 -1.49889e-08 0.00999796
850 426 57.5686 23.0058 -0.153324 3.66897e-07 -1.49889e-08 0.00999796
852 427 57.5686 25.562 -0.153324 3.66897e-07 -1.49889e-08 0.00999796
854 428 57.5686 28.1182 -0.153324 3.66897e-07 -1.4989e-08 0.00999796
856 429 57.5686 30.6744 -0.153324 3.66897e-07 -1.49889e-08 0.00999796
858 430 57.5686 33.2306 -0.153324 3.66897e-07 -1.4989e-08 0.00999796
860 431 57.5686 35.7868 -0.153324 3.66897e-07 -1.49889e-08 0.00999796
862 432 57.5686 38.3429 -0.153324 3.66897e-07 -1.49889e-08 0.00999796
864 433 57.5686 40.8991 -0.153324 3.66897e-07 -1.4989e-08 0.00999796
866 434 57.5686 43.4553 -0.153324 3.66897e-07 -1.49889e-08 0.00999796
868 435 57.5686 46.0115 -0.153324 3.66897e-07 -1.49889e-08 0.00999796
870 436 57.5686 48.5677 -0.153324 3.66897e-07 -1.49889e-08 0.00999796
872 437 57.5686 51.1239 -0.153324 3.66897e-07 -1.49889e-08 0.00999796
874 438 57.5686 53.6801 -0.153324 3.66897e-07 -1.4989e-08 0.00999796
876 439 57.5686 56.2363 -0.153324 3.66898e-07 -1.49889e-08 0.00999796
878 440 57.5686 58.7925 -0.153324 3.66897e-07 -1.49888e-08 0.00999796
880 441 57.5686 61.3487 -0.153324 3.66897e-07 -1.49889e-08 0.00999796
882 442 57.5686 63.9049 -0.153324 3.66897e-07 -1.4989e-08 0.00999796
884 443 57.5686 66.461 -0.153324 3.66897e-07 -1.49889e-08 0.00999796
886 444 57.5686 69.0172 -0.153324 3.66898e-07 -1.4989e-08 0.00999796
888 445 57.5686 71.5734 -0.153324 3.66898e-07 -1.49887e-08 0.00999796
890 446 57.5686 74.1296 -0.153324 3.66897e-07 -1.49891e-08 0.00999796
892 447 57.5686 76.6858 -0.153324 3.66897e-07 -1.49887e-08 0.00999796
894 448 57.5686 79.242 -0.153324 3.66897e-07 -1.49891e-08 0.00999796
896 449 61.9922 1.67272e-05 -0.169352 1.99933e-07 3.19149e-09 0.00999795
898 450 61.9922 2.55621 -0.169352 1.99933e-07 3.19124e-09 0.00999795
900 451 61.9922 5.1124 -0.169352 1.99933e-07 3.19124e-09 0.00999795
902 452 61.9922 7.66859 -0.169352 1.99933e-07 3.19129e-09 0.00999795
904 453 61.9922 10.2248 -0.169352 1.99933e-07 3.1912e-09 0.00999795
906 454 61.9922 12.781 -0.169352 1.99933e-07 3.19133e-09 0.00999795
908 455 61.9922 15.3372 -0.169352 1.99933e-07 3.19135e-09 0.00999795
910 456 61.9922 17.8934 -0.169352 1.99933e-07 3.19122e-09 0.00999795
912 457 61.9922 20.4495 -0.169352 1.99933e-07 3.19126e-09 0.00999795
914 458 61.9922 23.0057 -0.169352 1.99933e-07 3.19123e-09 0.00999795
916 459 61.9922 25.5619 -0.169352 1.99933e-07 3.19129e-09 0.00999795
918 460 61.9922 28.1181 -0.169352 1.99933e-07 3.19124e-09 0.00999795
920 461 61.9922 30.6743 -0.169352 1.99933e-07 3.19121e-09 0.00999795
922 462 61.9922 33.2305 -0.169352 1.99933e-07 3.19126e-09 0.00999795
924 463 61.9922 35.7867 -0.169352 1.99933e-07 3.19128e-09 0.00999795
926 464 61.9922 38.3429 -0.169352 1.99933e-07 3.19129e-09 0.00999795
928 465 61.9922 40.8991 -0.169352 1.99933e-07 3.19125e-09 0.00999795
930 466 61.9922 43.4553 -0.169352 1.99933e-07 3.19132e-09 0.00999795
932 467 61.9922 46.0115 -0.169352 1.99933e-07 3.1913e-09 0.00999795
934 468 61.9922 48.5676 -0.169352 1.99933e-07 3.19125e-09 0.00999795
936 469 61.9922 51.1238 -0.169352 1.99933e-07 3.19126e-09 0.00999795
938 470 61.9922 53.68 -0.169352 1.99933e-07 3.19124e-09 0.00999795
940 471 61.9922 56.2362 -0.169352 1.99933e-07 3.1913e-09 0.00999795
942 472 61.9922 58.7924 -0.169352 1.99933e-07 3.19129e-09 0.00999795
944 473 61.9922 61.3486 -0.169352 1.99933e-07 3.1912e-09 0.00999795
946 474 61.9922 63.9048 -0.169352 1.99933e-07 3.19136e-09 0.00999795
948 475 61.9922 66.461 -0.169352 1.99933e-07 3.1913e-09 0.00999795
950 476 61.9922 69.0172 -0.169352 1.99933e-07 3.19112e-09 0.00999795
952 477 61.9922 71.5734 -0.169352 1.99933e-07 3.19103e-09 0.00999795
954 478 61.9922 74.1296 -0.169352 1.99933e-07 3.19155e-09 0.00999795
956 479 61.9922 76.6857 -0.169352 1.99933e-07 3.19106e-09 0.00999795
958 480 61.9922 79.2419 -0.169352 1.99933e-07 3.19106e-09 0.00999795
960 481 66.4162 -2.97485e-05 -0.179602 2.6909e-07 -2.04847e-08 0.00999729
962 482 66.4162 2.55616 -0.179602 2.6909e-07 -2.04847e-08 0.00999729
964 483 66.4162 5.11235 -0.179602 2.6909e-07 -2.04847e-08 0.00999729
966 484 66.4162 7.66854 -0.179602 2.69089e-07 -2.04847e-08 0.00999729
968 485 66.4162 10.2247 -0.179602 2.6909e-07 -2.04846e-08 0.00999729
970 486 66.4162 12.7809 -0.179602 2.6909e-07 -2.04847e-08 0.00999729
972 487 66.4162 15.3371 -0.179602 2.6909e-07 -2.04846e-08 0.00999729
974 488 66.4162 17.8933 -0.179602 2.6909e-07 -2.04847e-08 0.00999729
976 489 66.4162 20.4495 -0.179602 2.6909e-07 -2.04847e-08 0.00999729
978 490 66.4162 23.0057 -0.179602 2.6909e-07 -2.04846e-08 0.00999729
980 491 66.4162 25.5619 -0.179602 2.6909e-07 -2.04847e-08 0.00999729
982 492 66.4162 28.1181 -0.179602 2.69089e-07 -2.04846e-08 0.00999729
984 493 66.4162 30.6743 -0.179602 2.6909e-07 -2.04846e-08 0.00999729
986 494 66.4162 33.2305 -0.179602 2.6909e-07 -2.04846e-08 0.00999729
988 495 66.4162 35.7866 -0.179602 2.6909e-07 -2.04847e-08 0.00999729
990 496 66.4162 38.3428 -0.179602 2.6909e-07 -2.04848e-08 0.00999729
992 497 66.4162 40.899 -0.179602 2.6909e-07 -2.04846e-08 0.00999729
994 498 66.4162 43.4552 -0.179602 2.6909e-07 -2.04847e-08 0.00999729
996 499 66.4162 46.0114 -0.179602 2.6909e-07 -2.04847e-08 0.00999729
998 500 66.4162 48.5676 -0.179602 2.6909e-07 -2.04847e-08 0.00999729
1000 501 66.4162 51.1238 -0.179602 2.6909e-07 -2.04847e-08 0.00999729
1002 502 66.4162 53.68 -0.179602 2.6909e-07 -2.04848e-08 0.00999729
1004 503 66.4162 56.2362 -0.179602 2.69089e-07 -2.04847e-08 0.00999729
1006 504 66.4162 58.7924 -0.179602 2.69089e-07 -2.04848e-08 0.00999729
1008 505 66.4162 61.3486 -0.179602 2.6909e-07 -2.04848e-08 0.00999729
1010 506 66.4162 63.9047 -0.179602 2.6909e-07 -2.04846e-08 0.00999729
1012 507 66.4162 66.4609 -0.179602 2.69089e-07 -2.04849e-08 0.00999729
1014 508 66.4162 69.0171 -0.179602 2.69089e-07 -2.04843e-08 0.00999729
1016 509 66.4162 71.5733 -0.179602 2.6909e-07 -2.04846e-08 0.00999729
1018 510 66.4162 74.1295 -0.179602 2.6909e-07 -2.04844e-08 0.00999729
1020 511 66.4162 76.6857 -0.179602 2.6909e-07 -2.04847e-08 0.00999729
1022 512 66.4162 79.2419 -0.179602 2.6909e-07 -2.04845e-08 0.00999729
1024 513 70.8408 -4.20087e-05 -0.185697 2.45138e-07 2.99499e-09 0.00999713
1026 514 70.8408 2.55615 -0.185697 2.45138e-07 2.99491e-09 0.00999713
1028 515 70.8408 5.11234 -0.185697 2.45138e-07 2.99501e-09 0.00999713
1030 516 70.8408 7.66853 -0.185697 2.45138e-07 2.99504e-09 0.00999713
1032 517 70.8408 10.2247 -0.185697 2.45138e-07 2.99504e-09 0.00999713
1034 518 70.8408 12.7809 -0.185697 2.45138e-07 2.99504e-09 0.00999713
1036 519 70.8408 15.3371 -0.185697 2.45138e-07 2.99494e-09 0.00999713
1038 520 70.8408 17.8933 -0.185697 2.45137e-07 2.99501e-09 0.00999713
1040 521 70.8408 20.4495 -0.185697 2.45138e-07 2.99505e-09 0.00999713
1042 522 70.8408 23.0057 -0.185697 2.45138e-07 2.9951e-09 0.00999713
1044 523 70.8408 25.5619 -0.185697 2.45138e-07 2.99504e-09 0.00999713
1046 524 70.8408 28.1181 -0.185697 2.45138e-07 2.99506e-09 0.00999713
1048 525 70.8408 30.6743 -0.185697 2.45138e-07 2.99499e-09 0.00999713
1050 526 70.8408 33.2304 -0.185697 2.45138e-07 2.99492e-09 0.00999713
1052 527 70.8408 35.7866 -0.185697 2.45138e-07 2.99498e-09 0.00999713
1054 528 70.8408 38.3428 -0.185697 2.45138e-07 2.99495e-09 0.00999713
1056 529 70.8408 40.899 -0.185697 2.45138e-07 2.99494e-09 0.00999713
1058 530 70.8408 43.4552 -0.185697 2.45138e-07 2.99497e-09 0.00999713
1060 531 70.8408 46.0114 -0.185697 2.45138e-07 2.99489e-09 0.00999713
1062 532 70.8408 48.5676 -0.185697 2.45137e-07 2.99491e-09 0.00999713
1064 533 70.8408 51.1238 -0.185697 2.45138e-07 2.99497e-09 0.00999713
1066 534 70.8408 53.68 -0.185697 2.45138e-07 2.99507e-09 0.00999713
1068 535 70.8408 56.2362 -0.185697 2.45138e-07 2.99487e-09 0.00999713
1070 536 70.8408 58.7924 -0.185697 2.45138e-07 2.99497e-09 0.00999713
1072 537 70.8408 61.3485 -0.185697 2.45138e-07 2.99494e-09 0.00999713
1074 538 70.8408 63.9047 -0.185697 2.45138e-07 2.99487e-09 0.00999713
1076 539 70.8408 66.4609 -0.185697 2.45138e-07 2.99523e-09 0.00999713
1078 540 70.8408 69.0171 -0.185697 2.45138e-07 2.99492e-09 0.00999713
1080 541 70.8408 71.5733 -0.185697 2.45138e-07 2.99486e-09 0.00999713
1082 542 70.8408 74.1295 -0.185697 2.45138e-07 2.99523e-09 0.00999713
1084 543 70.8408 76.6857 -0.185697 2.45138e-07 2.99493e-09 0.00999713
1086 544 70.8408 79.2419 -0.185697 2.45137e-07 2.99517e-09 0.00999713
1088 545 75.2659 -3.30134e-05 -0.18896 -6.29905e-08 -4.84715e-09 0.00999672
1090 546 75.2659 2.55616 -0.18896 -6.29904e-08 -4.84713e-09 0.00999672
1092 547 75.2659 5.11235 -0.18896 -6.29904e-08 -4.84714e-09 0.00999672
1094 548 75.2659 7.66854 -0.18896 -6.29904e-08 -4.84709e-09 0.00999672
1096 549 75.2659 10.2247 -0.18896 -6.29903e-08 -4.84714e-09 0.00999672
1098 550 75.2659 12.7809 -0.18896 -6.29902e-08 -4.84706e-09 0.00999672
1100 551 75.2659 15.3371 -0.18896 -6.29902e-08 -4.84715e-09 0.00999672
1102 552 75.2659 17.8933 -0.18896 -6.29904e-08 -4.84709e-09 0.00999672
1104 553 75.2659 20.4495 -0.18896 -6.29906e-08 -4.84715e-09 0.00999672
1106 554 75.2659 23.0057 -0.18896 -6.29904e-08 -4.84713e-09 0.00999672
1108 555 75.2659 25.5619 -0.18896 -6.29902e-08 -4.84704e-09 0.00999672
1110 556 75.2659 28.1181 -0.18896 -6.29903e-08 -4.84714e-09 0.00999672
1112 557 75.2659 30.6743 -0.18896 -6.29905e-08 -4.84709e-09 0.00999672
1114 558 75.2659 33.2305 -0.18896 -6.29903e-08 -4.84712e-09 0.00999672
1116 559 75.2659 35.7866 -0.18896 -6.29902e-08 -4.84721e-09 0.00999672
1118 560 75.2659 38.3428 -0.18896 -6.29903e-08 -4.8471e-09 0.00999672
1120 561 75.2659 40.899 -0.18896 -6.29903e-08 -4.84716e-09 0.00999672
1122 562 75.2659 43.4552 -0.18896 -6.29903e-08 -4.84711e-09 0.00999672
1124 563 75.2659 46.0114 -0.18896 -6.29903e-08 -4.84722e-09 0.00999672
1126 564 75.2659 48.5676 -0.18896 -6.29904e-08 -4.84704e-09 0.00999672
1128 565 75.2659 51.1238 -0.18896 -6.29905e-08 -4.84721e-09 0.00999672
1130 566 75.2659 53.68 -0.18896 -6.29904e-08 -4.84718e-09 0.00999672
1132 567 75.2659 56.2362 -0.18896 -6.29904e-08 -4.84715e-09 0.00999672
1134 568 75.2659 58.7924 -0.18896 -6.29905e-08 -4.84704e-09 0.00999672
1136 569 75.2659 61.3486 -0.18896 -6.29903e-08 -4.84721e-09 0.00999672
1138 570 75.2659 63.9047 -0.18896 -6.29901e-08 -4.84714e-09 0.00999672
1140 571 75.2659 66.4609 -0.18896 -6.29904e-08 -4.84716e-09 0.00999672
1142 572 75.2659 69.0171 -0.18896 -6.29907e-08 -4.84689e-09 0.00999672
1144 573 75.2659 71.5733 -0.18896 -6.29905e-08 -4.8471e-09 0.00999672
1146 574 75.2659 74.1295 -0.18896 -6.29904e-08 -4.84718e-09 0.00999672
1148 575 75.2659 76.6857 -0.18896 -6.29903e-08 -4.84684e-09 0.00999672
1150 576 75.2659 79.2419 -0.18896 -6.29903e-08 -4.84711e-09 0.00999672
1 577 2.20985 1.27805 -0.189718 -9.90051e-08 1.55359e-08 0.0099973
3 578 2.20985 3.83424 -0.189718 -9.90051e-08 1.55359e-08 0.0099973
5 579 2.20985 6.39043 -0.189718 -9.90051e-08 1.5536e-08 0.0099973
7 580 2.20985 8.94662 -0.189718 -9.90051e-08 1.5536e-08 0.0099973
9 581 2.20985 11.5028 -0.189718 -9.90051e-08 1.55359e-08 0.0099973
11 582 2.20985 14.059 -0.189718 -9.90051e-08 1.55359e-08 0.0099973
13 583 2.20985 16.6152 -0.189718 -9.90051e-08 1.5536e-08 0.0099973
15 584 2.20985 19.1714 -0.189718 -9.90051e-08 1.5536e-08 0.0099973
17 585 2.20985 21.7276 -0.189718 -9.90051e-08 1.55359e-08 0.0099973
19 586 2.20985 24.2838 -0.189718 -9.90051e-08 1.5536e-08 0.0099973
21 587 2.20985 26.84 -0.189718 -9.90051e-08 1.5536e-08 0.0099973
23 588 2.20985 29.3961 -0.189718 -9.90051e-08 1.5536e-08 0.0099973
25 589 2.20985 31.9523 -0.189718 -9.90051e-08 1.55359e-08 0.0099973
27 590 2.20985 34.5085 -0.189718 -9.90051e-08 1.55359e-08 0.0099973
29 591 2.20985 37.0647 -0.189718 -9.90051e-08 1.55359e-08 0.0099973
31 592 2.20985 39.6209 -0.189718 -9.9005e-08 1.55359e-08 0.0099973
33 593 2.20985 42.1771 -0.189718 -9.90051e-08 1.5536e-08 0.0099973
35 594 2.20985 44.7333 -0.189718 -9.90051e-08 1.55358e-08 0.0099973
37 595 2.20985 47.2895 -0.189718 -9.90051e-08 1.55359e-08 0.0099973
39 596 2.20985 49.8457 -0.189718 -9.90051e-08 1.5536e-08 0.0099973
41 597 2.20985 52.4019 -0.189718 -9.90051e-08 1.55359e-08 0.0099973
43 598 2.20985 54.9581 -0.189718 -9.90052e-08 1.5536e-08 0.0099973
45 599 2.20985 57.5142 -0.189718 -9.9005e-08 1.5536e-08 0.0099973
47 600 2.20985 60.0704 -0.189718 -9.90051e-08 1.55359e-08 0.0099973
49 601 2.20985 62.6266 -0.189718 -9.90051e-08 1.55358e-08 0.0099973
51 602 2.20985 65.1828 -0.189718 -9.90051e-08 1.55359e-08 0.0099973
53 603 2.20985 67.739 -0.189718 -9.90051e-08 1.55359e-08 0.0099973
55 604 2.20985 70.2952 -0.189718 -9.9005e-08 1.55358e-08 0.0099973
57 605 2.20985 72.8514 -0.189718 -9.90052e-08 1.55358e-08 0.0099973
59 606 2.20985 75.4076 -0.189718 -9.90051e-08 1.55357e-08 0.0099973
61 607 2.20985 77.9638 -0.189718 -9.90052e-08 1.5536e-08 0.0099973
63 608 2.20985 80.52 -0.189718 -9.9005e-08 1.55357e-08 0.0099973
65 609 6.63533 1.27803 -0.187576 -2.21743e-07 -2.49875e-08 0.00999656
67 610 6.63533 3.83422 -0.187576 -2.21743e-07 -2.49874e-08 0.00999656
69 611 6.63533 6.39041 -0.187576 -2.21743e-07 -2.49875e-08 0.00999656
71 612 6.63533 8.9466 -0.187576 -2.21743e-07 -2.49875e-08 0.00999656
73 613 6.63533 11.5028 -0.187576 -2.21743e-07 -2.49875e-08 0.00999656
75 614 6.63533 14.059 -0.187576 -2.21743e-07 -2.49874e-08 0.00999656
77 615 6.63533 16.6152 -0.187576 -2.21743e-07 -2.49875e-08 0.00999656
79 616 6.63533 19.1714 -0.187576 -2.21743e-07 -2.49875e-08 0.00999656
81 617 6.63533 21.7276 -0.187576 -2.21743e-07 -2.49875e-08 0.00999656
83 618 6.63533 24.2837 -0.187576 -2.21743e-07 -2.49875e-08 0.00999656
85 619 6.63533 26.8399 -0.187576 -2.21743e-07 -2.49875e-08 0.00999656
87 620 6.63533 29.3961 -0.187576 -2.21743e-07 -2.49875e-08 0.00999656
89 621 6.63533 31.9523 -0.187576 -2.21743e-07 -2.49874e-08 0.00999656
91 622 6.63533 34.5085 -0.187576 -2.21743e-07 -2.49875e-08 0.00999656
93 623 6.63533 37.0647 -0.187576 -2.21743e-07 -2.49875e-08 0.00999656
95 624 6.63533 39.6209 -0.187576 -2.21743e-07 -2.49875e-08 0.00999656
97 625 6.63533 42.1771 -0.187576 -2.21743e-07 -2.49874e-08 0.00999656
99 626 6.63533 44.7333 -0.187576 -2.21743e-07 -2.49874e-08 0.00999656
101 627 6.63533 47.2895 -0.187576 -2.21743e-07 -2.49875e-08 0.00999656
103 628 6.63533 49.8457 -0.187576 -2.21743e-07 -2.49875e-08 0.00999656
105 629 6.63533 52.4018 -0.187576 -2.21743e-07 -2.49874e-08 0.00999656
107 630 6.63533 54.958 -0.187576 -2.21743e-07 -2.49874e-08 0.00999656
109 631 6.63533 57.5142 -0.187576 -2.21743e-07 -2.49874e-08 0.00999656
111 632 6.63533 60.0704 -0.187576 -2.21743e-07 -2.49875e-08 0.00999656
113 633 6.63533 62.6266 -0.187576 -2.21743e-07 -2.49875e-08 0.00999656
115 634 6.63533 65.1828 -0.187576 -2.21743e-07 -2.49875e-08 0.00999656
117 635 6.63533 67.739 -0.187576 -2.21743e-07 -2.49875e-08 0.00999656
119 636 6.63533 70.2952 -0.187576 -2.21743e-07 -2.49875e-08 0.00999656
121 637 6.63533 72.8514 -0.187576 -2.21743e-07 -2.49875e-08 0.00999656
123 638 6.63533 75.4076 -0.187576 -2.21743e-07 -2.49874e-08 0.00999656
125 639 6.63533 77.9638 -0.187576 -2.21743e-07 -2.49876e-08 0.00999656
127 640 6.63533 80.5199 -0.187576 -2.21743e-07 -2.49874e-08 0.00999656
129 641 11.0606 1.278 -0.182962 -2.01321e-07 -6.82119e-09 0.00999738
131 642 11.0606 3.83419 -0.182962 -2.01321e-07 -6.8213e-09 0.00999738
133 643 11.0606 6.39038 -0.182962 -2.01321e-07 -6.82127e-09 0.00999738
135 644 11.0606 8.94658 -0.182962 -2.01321e-07 -6.82131e-09 0.00999738
137 645 11.0606 11.5028 -0.182962 -2.01321e-07 -6.82129e-09 0.00999738
139 646 11.0606 14.059 -0.182962 -2.01321e-07 -6.82136e-09 0.00999738
141 647 11.0606 16.6151 -0.182962 -2.01321e-07 -6.82124e-09 0.00999738
143 648 11.0606 19.1713 -0.182962 -2.01321e-07 -6.82127e-09 0.00999738
145 649 11.0606 21.7275 -0.182962 -2.01321e-07 -6.82135e-09 0.00999738
147 650 11.0606 24.2837 -0.182962 -2.01321e-07 -6.82125e-09 0.00999738
149 651 11.0606 26.8399 -0.182962 -2.01321e-07 -6.82131e-09 0.00999738
151 652 11.0606 29.3961 -0.182962 -2.01321e-07 -6.82122e-09 0.00999738
153 653 11.0606 31.9523 -0.182962 -2.01321e-07 -6.82125e-09 0.00999738
155 654 11.0606 34.5085 -0.182962 -2.01321e-07 -6.82131e-09 0.00999738
157 655 11.0606 37.0647 -0.182962 -2.01321e-07 -6.8213e-09 0.00999738
159 656 11.0606 39.6209 -0.182962 -2.01321e-07 -6.82112e-09 0.00999738
161 657 11.0606 42.1771 -0.182962 -2.01321e-07 -6.82134e-09 0.00999738
163 658 11.0606 44.7332 -0.182962 -2.01321e-07 -6.82127e-09 0.00999738
165 659 11.0606 47.2894 -0.182962 -2.01321e-07 -6.82125e-09 0.00999738
167 660 11.0606 49.8456 -0.182962 -2.01321e-07 -6.8213e-09 0.00999738
169 661 11.0606 52.4018 -0.182962 -2.01321e-07 -6.82127e-09 0.00999738
171 662 11.0606 54.958 -0.182962 -2.01321e-07 -6.82118e-09 0.00999738
173 663 11.0606 57.5142 -0.182962 -2.01321e-07 -6.82125e-09 0.00999738
175 664 11.0606 60.0704 -0.182962 -2.01321e-07 -6.82129e-09 0.00999738
177 665 11.0606 62.6266 -0.182962 -2.01321e-07 -6.82123e-09 0.00999738
179 666 11.0606 65.1828 -0.182962 -2.01321e-07 -6.82139e-09 0.00999738
181 667 11.0606 67.739 -0.182962 -2.01321e-07 -6.82141e-09 0.00999738
183 668 11.0606 70.2952 -0.182962 -2.01321e-07 -6.82148e-09 0.00999738
185 669 11.0606 72.8514 -0.182962 -2.01321e-07 -6.82134e-09 0.00999738
187 670 11.0606 75.4075 -0.182962 -2.01321e-07 -6.82142e-09 0.00999738
189 671 11.0606 77.9637 -0.182962 -2.01321e-07 -6.8214e-09 0.00999738
191 672 11.0606 80.5199 -0.182962 -2.01321e-07 -6.82148e-09 0.00999738
193 673 15.4857 1.27795 -0.174922 1.13654e-08 1.31913e-08 0.00999797
195 674 15.4857 3.83414 -0.174922 1.13654e-08 1.31912e-08 0.00999797
197 675 15.4857 6.39033 -0.174922 1.13653e-08 1.31912e-08 0.00999797
199 676 15.4857 8.94652 -0.174922 1.13653e-08 1.31912e-08 0.00999797
201 677 15.4857 11.5027 -0.174922 1.13654e-08 1.31913e-08 0.00999797
203 678 15.4857 14.0589 -0.174922 1.13654e-08 1.31912e-08 0.00999797
205 679 15.4857 16.6151 -0.174922 1.13653e-08 1.31912e-08 0.00999797
207 680 15.4857 19.1713 -0.174922 1.13653e-08 1.31912e-08 0.00999797
209 681 15.4857 21.7275 -0.174922 1.13654e-08 1.31912e-08 0.00999797
211 682 15.4857 24.2837 -0.174922 1.13654e-08 1.31912e-08 0.00999797
213 683 15.4857 26.8399 -0.174922 1.13653e-08 1.31912e-08 0.00999797
215 684 15.4857 29.396 -0.174922 1.13654e-08 1.31912e-08 0.00999797
217 685 15.4857 31.9522 -0.174922 1.13653e-08 1.31912e-08 0.00999797
219 686 15.4857 34.5084 -0.174922 1.13654e-08 1.31913e-08 0.00999797
221 687 15.4857 37.0646 -0.174922 1.13654e-08 1.31913e-08 0.00999797
223 688 15.4857 39.6208 -0.174922 1.13654e-08 1.31912e-08 0.00999797
225 689 15.4857 42.177 -0.174922 1.13654e-08 1.31912e-08 0.00999797
227 690 15.4857 44.7332 -0.174922 1.13653e-08 1.31912e-08 0.00999797
229 691 15.4857 47.2894 -0.174922 1.13654e-08 1.31913e-08 0.00999797
231 692 15.4857 49.8456 -0.174922 1.13653e-08 1.31912e-08 0.00999797
233 693 15.4857 52.4018 -0.174922 1.13654e-08 1.31913e-08 0.00999797
235 694 15.4857 54.958 -0.174922 1.13654e-08 1.31912e-08 0.00999797
237 695 15.4857 57.5141 -0.174922 1.13653e-08 1.31913e-08 0.00999797
239 696 15.4857 60.0703 -0.174922 1.13654e-08 1.31913e-08 0.00999797
241 697 15.4857 62.6265 -0.174922 1.13653e-08 1.31912e-08 0.00999797
243 698 15.4857 65.1827 -0.174922 1.13653e-08 1.31912e-08 0.00999797
245 699 15.4857 67.7389 -0.174922 1.13654e-08 1.31912e-08 0.00999797
247 700 15.4857 70.2951 -0.174922 1.13654e-08 1.31912e-08 0.00999797
249 701 15.4857 72.8513 -0.174922 1.13654e-08 1.31911e-08 0.00999797
251 702 15.4857 75.4075 -0.174922 1.13653e-08 1.31912e-08 0.00999797
253 703 15.4857 77.9637 -0.174922 1.13654e-08 1.31912e-08 0.00999797
255 704 15.4857 80.5199 -0.174922 1.13654e-08 1.31911e-08 0.00999797
257 705 19.9107 1.27795 -0.161859 4.07975e-08 -2.88883e-08 0.00999758
259 706 19.9107 3.83414 -0.161859 4.07976e-08 -2.88883e-08 0.00999758
261 707 19.9107 6.39033 -0.161859 4.07975e-08 -2.88883e-08 0.00999758
263 708 19.9107 8.94652 -0.161859 4.07975e-08 -2.88883e-08 0.00999758
265 709 19.9107 11.5027 -0.161859 4.07975e-08 -2.88883e-08 0.00999758
267 710 19.9107 14.0589 -0.161859 4.07975e-08 -2.88883e-08 0.00999758
269 711 19.9107 16.6151 -0.161859 4.07975e-08 -2.88883e-08 0.00999758
271 712 19.9107 19.1713 -0.161859 4.07975e-08 -2.88884e-08 0.00999758
273 713 19.9107 21.7275 -0.161859 4.07975e-08 -2.88883e-08 0.00999758
275 714 19.9107 24.2837 -0.161859 4.07975e-08 -2.88883e-08 0.00999758
277 715 19.9107 26.8399 -0.161859 4.07975e-08 -2.88883e-08 0.00999758
279 716 19.9107 29.3961 -0.161859 4.07975e-08 -2.88883e-08 0.00999758
281 717 19.9107 31.9522 -0.161859 4.07976e-08 -2.88884e-08 0.00999758
283 718 19.9107 34.5084 -0.161859 4.07975e-08 -2.88883e-08 0.00999758
285 719 19.9107 37.0646 -0.161859 4.07975e-08 -2.88883e-08 0.00999758
287 720 19.9107 39.6208 -0.161859 4.07975e-08 -2.88883e-08 0.00999758
289 721 19.9107 42.177 -0.161859 4.07975e-08 -2.88883e-08 0.00999758
291 722 19.9107 44.7332 -0.161859 4.07975e-08 -2.88883e-08 0.00999758
293 723 19.9107 47.2894 -0.161859 4.07975e-08 -2.88882e-08 0.00999758
295 724 19.9107 49.8456 -0.161859 4.07975e-08 -2.88882e-08 0.00999758
297 725 19.9107 52.4018 -0.161859 4.07975e-08 -2.88883e-08 0.00999758
299 726 19.9107 54.958 -0.161859 4.07975e-08 -2.88883e-08 0.00999758
301 727 19.9107 57.5142 -0.161859 4.07975e-08 -2.88883e-08 0.00999758
303 728 19.9107 60.0703 -0.161859 4.07975e-08 -2.88883e-08 0.00999758
305 729 19.9107 62.6265 -0.161859 4.07975e-08 -2.88882e-08 0.00999758
307 730 19.9107 65.1827 -0.161859 4.07975e-08 -2.88885e-08 0.00999758
309 731 19.9107 67.7389 -0.161859 4.07975e-08 -2.88881e-08 0.00999758
311 732 19.9107 70.2951 -0.161859 4.07975e-08 -2.88882e-08 0.00999758
313 733 19.9107 72.8513 -0.161859 4.07975e-08 -2.88883e-08 0.00999758
315 734 19.9107 75.4075 -0.161859 4.07976e-08 -2.88883e-08 0.00999758
317 735 19.9107 77.9637 -0.161859 4.07975e-08 -2.88881e-08 0.00999758
319 736 19.9107 80.5199 -0.161859 4.07975e-08 -2.88883e-08 0.00999758
321 737 24.3362 1.27799 -0.141706 2.49612e-08 9.88305e-09 0.00999788
323 738 24.3362 3.83418 -0.141706 2.49611e-08 9.88301e-09 0.00999788
325 739 24.3362 6.39037 -0.141706 2.49612e-08 9.88295e-09 0.00999788
327 740 24.3362 8.94656 -0.141706 2.49611e-08 9.88297e-09 0.00999788
329 741 24.3362 11.5028 -0.141706 2.49611e-08 9.88299e-09 0.00999788
331 742 24.3362 14.0589 -0.141706 2.49611e-08 9.88298e-09 0.00999788
333 743 24.3362 16.6151 -0.141706 2.49611e-08 9.88292e-09 0.00999788
335 744 24.3362 19.1713 -0.141706 2.49611e-08 9.88293e-09 0.00999788
337 745 24.3362 21.7275 -0.141706 2.49611e-08 9.88294e-09 0.00999788
339 746 24.3362 24.2837 -0.141706 2.49611e-08 9.88295e-09 0.00999788
341 747 24.3362 26.8399 -0.141706 2.49611e-08 9.88294e-09 0.00999788
343 748 24.3362 29.3961 -0.141706 2.49611e-08 9.8829e-09 0.00999788
345 749 24.3362 31.9523 -0.141706 2.49611e-08 9.88302e-09 0.00999788
347 750 24.3362 34.5085 -0.141706 2.4961e-08 9.88289e-09 0.00999788
349 751 24.3362 37.0647 -0.141706 2.49611e-08 9.88314e-09 0.00999788
351 752 24.3362 39.6209 -0.141706 2.49611e-08 9.88298e-09 0.00999788
353 753 24.3362 42.177 -0.141706 2.49611e-08 9.883e-09 0.00999788
355 754 24.3362 44.7332 -0.141706 2.49612e-08 9.88305e-09 0.00999788
357 755 24.3362 47.2894 -0.141706 2.49611e-08 9.88297e-09 0.00999788
359 756 24.3362 49.8456 -0.141706 2.49611e-08 9.88314e-09 0.00999788
361 757 24.3362 52.4018 -0.141706 2.49611e-08 9.88293e-09 0.00999788
363 758 24.3362 54.958 -0.141706 2.49611e-08 9.88293e-09 0.00999788
365 759 24.3362 57.5142 -0.141706 2.4961e-08 9.88308e-09 0.00999788
367 760 24.3362 60.0704 -0.141706 2.49612e-08 9.88298e-09 0.00999788
369 761 24.3362 62.6266 -0.141706 2.49611e-08 9.88312e-09 0.00999788
371 762 24.3362 65.1828 -0.141706 2.49609e-08 9.88283e-09 0.00999788
373 763 24.3362 67.739 -0.141706 2.49611e-08 9.88293e-09 0.00999788
375 764 24.3362 70.2951 -0.141706 2.49613e-08 9.88292e-09 0.00999788
377 765 24.3362 72.8513 -0.141706 2.49611e-08 9.88298e-09 0.00999788
379 766 24.3362 75.4075 -0.141706 2.49609e-08 9.88293e-09 0.00999788
381 767 24.3362 77.9637 -0.141706 2.49611e-08 9.88291e-09 0.00999788
383 768 24.3362 80.5199 -0.141706 2.49612e-08 9.88283e-09 0.00999788
385 769 28.7635 1.27809 -0.108085 7.53468e-08 1.97702e-09 0.00999865
387 770 28.7635 3.83428 -0.108085 7.53467e-08 1.97719e-09 0.00999865
389 771 28.7635 6.39047 -0.108085 7.53467e-08 1.97716e-09 0.00999865
391 772 28.7635 8.94666 -0.108085 7.53467e-08 1.97711e-09 0.00999865
393 773 28.7635 11.5029 -0.108085 7.53467e-08 1.97711e-09 0.00999865
395 774 28.7635 14.059 -0.108085 7.53468e-08 1.97712e-09 0.00999865
397 775 28.7635 16.6152 -0.108085 7.53467e-08 1.97711e-09 0.00999865
399 776 28.7635 19.1714 -0.108085 7.53467e-08 1.97716e-09 0.00999865
401 777 28.7635 21.7276 -0.108085 7.53467e-08 1.97717e-09 0.00999865
403 778 28.7635 24.2838 -0.108085 7.53467e-08 1.97717e-09 0.00999865
405 779 28.7635 26.84 -0.108085 7.53467e-08 1.97714e-09 0.00999865
407 780 28.7635 29.3962 -0.108085 7.53467e-08 1.97711e-09 0.00999865
409 781 28.7635 31.9524 -0.108085 7.53466e-08 1.97723e-09 0.00999865
411 782 28.7635 34.5086 -0.108085 7.53467e-08 1.9771e-09 0.00999865
413 783 28.7635 37.0648 -0.108085 7.53467e-08 1.97702e-09 0.00999865
415 784 28.7635 39.621 -0.108085 7.53466e-08 1.97715e-09 0.00999865
417 785 28.7635 42.1771 -0.108085 7.53467e-08 1.97715e-09 0.00999865
419 786 28.7635 44.7333 -0.108085 7.53467e-08 1.97715e-09 0.00999865
421 787 28.7635 47.2895 -0.108085 7.53467e-08 1.97709e-09 0.00999865
423 788 28.7635 49.8457 -0.108085 7.53467e-08 1.97714e-09 0.00999865
425 789 28.7635 52.4019 -0.108085 7.53466e-08 1.97718e-09 0.00999865
427 790 28.7635 54.9581 -0.108085 7.53466e-08 1.9771e-09 0.00999865
429 791 28.7635 57.5143 -0.108085 7.53468e-08 1.97715e-09 0.00999865
431 792 28.7635 60.0705 -0.108085 7.53466e-08 1.97718e-09 0.00999865
433 793 28.7635 62.6267 -0.108085 7.53467e-08 1.97702e-09 0.00999865
435 794 28.7635 65.1829 -0.108085 7.53468e-08 1.97701e-09 0.00999865
437 795 28.7635 67.7391 -0.108085 7.53467e-08 1.97716e-09 0.00999865
439 796 28.7635 70.2952 -0.108085 7.53467e-08 1.97702e-09 0.00999865
441 797 28.7635 72.8514 -0.108085 7.53468e-08 1.97693e-09 0.00999865
443 798 28.7635 75.4076 -0.108085 7.53467e-08 1.97712e-09 0.00999865
445 799 28.7635 77.9638 -0.108085 7.53467e-08 1.97692e-09 0.00999865
447 800 28.7635 80.52 -0.108085 7.53466e-08 1.97725e-09 0.00999865
449 801 33.1966 1.27815 -0.0445737 0.000510753 1.82642e-09 -0.0286548
451 802 33.1966 3.83434 -0.0445737 0.000510753 1.82637e-09 -0.0286548
453 803 33.1966 6.39054 -0.0445737 0.000510753 1.82629e-09 -0.0286548
455 804 33.1966 8.94673 -0.0445737 0.000510753 1.82627e-09 -0.0286548
457 805 33.1966 11.5029 -0.0445737 0.000510753 1.82628e-09 -0.0286548
459 806 33.1966 14.0591 -0.0445737 0.000510753 1.82632e-09 -0.0286548
461 807 33.1966 16.6153 -0.0445737 0.000510753 1.82625e-09 -0.0286548
463 808 33.1966 19.1715 -0.0445737 0.000510753 1.82633e-09 -0.0286548
465 809 33.1966 21.7277 -0.0445737 0.000510753 1.82635e-09 -0.0286548
467 810 33.1966 24.2839 -0.0445737 0.000510753 1.82629e-09 -0.0286548
469 811 33.1966 26.8401 -0.0445737 0.000510753 1.82628e-09 -0.0286548
471 812 33.1966 29.3963 -0.0445737 0.000510753 1.82628e-09 -0.0286548
473 813 33.1966 31.9524 -0.0445737 0.000510753 1.82628e-09 -0.0286548
475 814 33.1966 34.5086 -0.0445737 0.000510753 1.82628e-09 -0.0286548
477 815 33.1966 37.0648 -0.0445737 0.000510753 1.8263e-09 -0.0286548
479 816 33.1966 39.621 -0.0445737 0.000510753 1.82625e-09 -0.0286548
481 817 33.1966 42.1772 -0.0445737 0.000510753 1.82625e-09 -0.0286548
483 818 33.1966 44.7334 -0.0445737 0.000510753 1.82626e-09 -0.0286548
485 819 33.1966 47.2896 -0.0445737 0.000510753 1.8263e-09 -0.0286548
487 820 33.1966 49.8458 -0.0445737 0.000510753 1.82627e-09 -0.0286548
489 821 33.1966 52.402 -0.0445737 0.000510753 1.82618e-09 -0.0286548
491 822 33.1966 54.9582 -0.0445737 0.000510753 1.82627e-09 -0.0286548
493 823 33.1966 57.5144 -0.0445737 0.000510753 1.82628e-09 -0.0286548
495 824 33.1966 60.0705 -0.0445737 0.000510753 1.8262e-09 -0.0286548
497 825 33.1966 62.6267 -0.0445737 0.000510753 1.82632e-09 -0.0286548
499 826 33.1966 65.1829 -0.0445737 0.000510753 1.82617e-09 -0.0286548
501 827 33.1966 67.7391 -0.0445737 0.000510753 1.82646e-09 -0.0286548
503 828 33.1966 70.2953 -0.0445737 0.000510753 1.82612e-09 -0.0286548
505 829 33.1966 72.8515 -0.0445737 0.000510753 1.82629e-09 -0.0286548
507 830 33.1966 75.4077 -0.0445737 0.000510753 1.82627e-09 -0.0286548
509 831 33.1966 77.9639 -0.0445737 0.000510753 1.82647e-09 -0.0286548
511 832 33.1966 80.5201 -0.0445737 0.000510753 1.82613e-09 -0.0286548
513 833 37.6346 1.27815 -0.00598475 0.000228506 1.55781e-09 -0.0426995
515 834 37.6346 3.83434 -0.00598475 0.000228506 1.55779e-09 -0.0426995
517 835 37.6346 6.39054 -0.00598475 0.000228506 1.55774e-09 -0.0426995
519 836 37.6346 8.94673 -0.00598475 0.000228506 1.55778e-09 -0.0426995
521 837 37.6346 11.5029 -0.00598475 0.000228506 1.55778e-09 -0.0426995
523 838 37.6346 14.0591 -0.00598475 0.000228506 1.55775e-09 -0.0426995
525 839 37.6346 16.6153 -0.00598475 0.000228506 1.55777e-09 -0.0426995
527 840 37.6346 19.1715 -0.00598475 0.000228506 1.55777e-09 -0.0426995
529 841 37.6346 21.7277 -0.00598475 0.000228506 1.55773e-09 -0.0426995
531 842 37.6346 24.2839 -0.00598475 0.000228506 1.55777e-09 -0.0426995
533 843 37.6346 26.8401 -0.00598475 0.000228506 1.55774e-09 -0.0426995
535 844 37.6346 29.3963 -0.00598475 0.000228506 1.55776e-09 -0.0426995
537 845 37.6346 31.9524 -0.00598475 0.000228506 1.55772e-09 -0.0426995
539 846 37.6346 34.5086 -0.00598475 0.000228506 1.55786e-09 -0.0426995
541 847 37.6346 37.0648 -0.00598475 0.000228506 1.55781e-09 -0.0426995
543 848 37.6346 39.621 -0.00598475 0.000228506 1.55781e-09 -0.0426995
545 849 37.6346 42.1772 -0.00598475 0.000228506 1.55779e-09 -0.0426995
547 850 37.6346 44.7334 -0.00598475 0.000228506 1.55783e-09 -0.0426995
549 851 37.6346 47.2896 -0.00598475 0.000228506 1.55773e-09 -0.0426995
551 852 37.6346 49.8458 -0.00598475 0.000228506 1.55776e-09 -0.0426995
553 853 37.6346 52.402 -0.00598475 0.000228506 1.55786e-09 -0.0426995
555 854 37.6346 54.9582 -0.00598475 0.000228506 1.55769e-09 -0.0426995
557 855 37.6346 57.5144 -0.00598475 0.000228506 1.5578e-09 -0.0426995
559 856 37.6346 60.0705 -0.00598475 0.000228506 1.55779e-09 -0.0426995
561 857 37.6346 62.6267 -0.00598475 0.000228506 1.55776e-09 -0.0426995
563 858 37.6346 65.1829 -0.00598475 0.000228506 1.55796e-09 -0.0426995
565 859 37.6346 67.7391 -0.00598475 0.000228506 1.55787e-09 -0.0426995
567 860 37.6346 70.2953 -0.00598475 0.000228506 1.55785e-09 -0.0426995
569 861 37.6346 72.8515 -0.00598475 0.000228506 1.55795e-09 -0.0426995
571 862 37.6346 75.4077 -0.00598475 0.000228506 1.55776e-09 -0.0426995
573 863 37.6346 77.9639 -0.00598475 0.000228506 1.55798e-09 -0.0426995
575 864 37.6346 80.5201 -0.00598475 0.000228506 1.55776e-09 -0.0426995
577 865 42.0728 1.27819 -0.00645219 -0.000237118 2.17548e-08 -0.0422748
579 866 42.0728 3.83438 -0.00645219 -0.000237118 2.17548e-08 -0.0422748
581 867 42.0728 6.39057 -0.00645219 -0.000237118 2.17547e-08 -0.0422748
583 868 42.0728 8.94676 -0.00645219 -0.000237118 2.17547e-08 -0.0422748
585 869 42.0728 11.503 -0.00645219 -0.000237118 2.17547e-08 -0.0422748
587 870 42.0728 14.0591 -0.00645219 -0.000237118 2.17547e-08 -0.0422748
589 871 42.0728 16.6153 -0.00645219 -0.000237118 2.17547e-08 -0.0422748
591 872 42.0728 19.1715 -0.00645219 -0.000237118 2.17547e-08 -0.0422748
593 873 42.0728 21.7277 -0.00645219 -0.000237118 2.17548e-08 -0.0422748
595 874 42.0728 24.2839 -0.00645219 -0.000237118 2.17547e-08 -0.0422748
597 875 42.0728 26.8401 -0.00645219 -0.000237118 2.17547e-08 -0.0422748
599 876 42.0728 29.3963 -0.00645219 -0.000237118 2.17547e-08 -0.0422748
601 877 42.0728 31.9525 -0.00645219 -0.000237118 2.17547e-08 -0.0422748
603 878 42.0728 34.5087 -0.00645219 -0.000237118 2.17547e-08 -0.0422748
605 879 42.0728 37.0649 -0.00645219 -0.000237118 2.17547e-08 -0.0422748
607 880 42.0728 39.6211 -0.00645219 -0.000237118 2.17547e-08 -0.0422748
609 881 42.0728 42.1772 -0.00645219 -0.000237118 2.17548e-08 -0.0422748
611 882 42.0728 44.7334 -0.00645219 -0.000237118 2.17546e-08 -0.0422748
613 883 42.0728 47.2896 -0.00645219 -0.000237118 2.17547e-08 -0.0422748
615 884 42.0728 49.8458 -0.00645219 -0.000237118 2.17548e-08 -0.0422748
617 885 42.0728 52.402 -0.00645219 -0.000237118 2.17546e-08 -0.0422748
619 886 42.0728 54.9582 -0.00645219 -0.000237118 2.17547e-08 -0.0422748
621 887 42.0728 57.5144 -0.00645219 -0.000237118 2.17546e-08 -0.0422748
623 888 42.0728 60.0706 -0.00645219 -0.000237118 2.17547e-08 -0.0422748
625 889 42.0728 62.6268 -0.00645219 -0.000237118 2.17549e-08 -0.0422748
627 890 42.0728 65.183 -0.00645219 -0.000237118 2.17547e-08 -0.0422748
629 891 42.0728 67.7392 -0.00645219 -0.000237118 2.17549e-08 -0.0422748
631 892 42.0728 70.2953 -0.00645219 -0.000237118 2.17549e-08 -0.0422748
633 893 42.0728 72.8515 -0.00645219 -0.000237118 2.1755e-08 -0.0422748
635 894 42.0728 75.4077 -0.00645219 -0.000237118 2.17549e-08 -0.0422748
637 895 42.0728 77.9639 -0.00645219 -0.000237118 2.17549e-08 -0.0422748
639 896 42.0728 80.5201 -0.00645219 -0.000237118 2.17548e-08 -0.0422748
641 897 46.5067 1.27821 -0.0459118 -0.000499326 -1.51999e-09 -0.027251
643 898 46.5067 3.8344 -0.0459118 -0.000499326 -1.52005e-09 -0.027251
645 899 46.5067 6.39059 -0.0459118 -0.000499326 -1.52001e-09 -0.027251
647 900 46.5067 8.94679 -0.0459118 -0.000499326 -1.52004e-09 -0.027251
649 901 46.5067 11.503 -0.0459118 -0.000499326 -1.52003e-09 -0.027251
651 902 46.5067 14.0592 -0.0459118 -0.000499326 -1.52006e-09 -0.027251
653 903 46.5067 16.6154 -0.0459118 -0.000499326 -1.52001e-09 -0.027251
655 904 46.5067 19.1715 -0.0459118 -0.000499326 -1.51999e-09 -0.027251
657 905 46.5067 21.7277 -0.0459118 -0.000499326 -1.52003e-09 -0.027251
659 906 46.5067 24.2839 -0.0459118 -0.000499326 -1.52001e-09 -0.027251
661 907 46.5067 26.8401 -0.0459118 -0.000499326 -1.52005e-09 -0.027251
663 908 46.5067 29.3963 -0.0459118 -0.000499326 -1.52005e-09 -0.027251
665 909 46.5067 31.9525 -0.0459118 -0.000499326 -1.51995e-09 -0.027251
667 910 46.5067 34.5087 -0.0459118 -0.000499326 -1.52017e-09 -0.027251
669 911 46.5067 37.0649 -0.0459118 -0.000499326 -1.51995e-09 -0.027251
671 912 46.5067 39.6211 -0.0459118 -0.000499326 -1.51992e-09 -0.027251
673 913 46.5067 42.1773 -0.0459118 -0.000499326 -1.52013e-09 -0.027251
675 914 46.5067 44.7335 -0.0459118 -0.000499326 -1.52011e-09 -0.027251
677 915 46.5067 47.2897 -0.0459118 -0.000499326 -1.51992e-09 -0.027251
679 916 46.5067 49.8458 -0.0459118 -0.000499326 -1.52004e-09 -0.027251
681 917 46.5067 52.402 -0.0459118 -0.000499326 -1.52001e-09 -0.027251
683 918 46.5067 54.9582 -0.0459118 -0.000499326 -1.52003e-09 -0.027251
685 919 46.5067 57.5144 -0.0459118 -0.000499326 -1.51998e-09 -0.027251
687 920 46.5067 60.0706 -0.0459118 -0.000499326 -1.52005e-09 -0.027251
689 921 46.5067 62.6268 -0.0459118 -0.000499326 -1.51983e-09 -0.027251
691 922 46.5067 65.183 -0.0459118 -0.000499326 -1.52009e-09 -0.027251
693 923 46.5067 67.7392 -0.0459118 -0.000499326 -1.51994e-09 -0.027251
695 924 46.5067 70.2954 -0.0459118 -0.000499326 -1.5197e-09 -0.027251
697 925 46.5067 72.8516 -0.0459118 -0.000499326 -1.51997e-09 -0.027251
699 926 46.5067 75.4078 -0.0459118 -0.000499326 -1.5199e-09 -0.027251
701 927 46.5067 77.9639 -0.0459118 -0.000499326 -1.51997e-09 -0.027251
703 928 46.5067 80.5201 -0.0459118 -0.000499326 -1.5199e-09 -0.027251
705 929 50.9332 1.27826 -0.108592 3.59351e-07 1.31736e-08 0.00999899
707 930 50.9332 3.83445 -0.108592 3.59351e-07 1.31735e-08 0.00999899
709 931 50.9332 6.39064 -0.108592 3.59351e-07 1.31737e-08 0.00999899
711 932 50.9332 8.94683 -0.108592 3.59351e-07 1.31737e-08 0.00999899
713 933 50.9332 11.503 -0.108592 3.59351e-07 1.31737e-08 0.00999899
715 934 50.9332 14.0592 -0.108592 3.59351e-07 1.31737e-08 0.00999899
717 935 50.9332 16.6154 -0.108592 3.59351e-07 1.31736e-08 0.00999899
719 936 50.9332 19.1716 -0.108592 3.59351e-07 1.31737e-08 0.00999899
721 937 50.9332 21.7278 -0.108592 3.59351e-07 1.31736e-08 0.00999899
723 938 50.9332 24.284 -0.108592 3.59351e-07 1.31736e-08 0.00999899
725 939 50.9332 26.8402 -0.108592 3.59351e-07 1.31736e-08 0.00999899
727 940 50.9332 29.3964 -0.108592 3.59351e-07 1.31737e-08 0.00999899
729 941 50.9332 31.9525 -0.108592 3.59351e-07 1.31736e-08 0.00999899
731 942 50.9332 34.5087 -0.108592 3.59351e-07 1.31737e-08 0.00999899
733 943 50.9332 37.0649 -0.108592 3.59351e-07 1.31736e-08 0.00999899
735 944 50.9332 39.6211 -0.108592 3.59351e-07 1.31736e-08 0.00999899
737 945 50.9332 42.1773 -0.108592 3.59351e-07 1.31737e-08 0.00999899
739 946 50.9332 44.7335 -0.108592 3.59351e-07 1.31737e-08 0.00999899
741 947 50.9332 47.2897 -0.108592 3.59351e-07 1.31737e-08 0.00999899
743 948 50.9332 49.8459 -0.108592 3.59351e-07 1.31736e-08 0.00999899
745 949 50.9332 52.4021 -0.108592 3.59351e-07 1.31737e-08 0.00999899
747 950 50.9332 54.9583 -0.108592 3.59351e-07 1.31736e-08 0.00999899
749 951 50.9332 57.5145 -0.108592 3.59351e-07 1.31737e-08 0.00999899
751 952 50.9332 60.0706 -0.108592 3.59351e-07 1.31736e-08 0.00999899
753 953 50.9332 62.6268 -0.108592 3.59351e-07 1.31736e-08 0.00999899
755 954 50.9332 65.183 -0.108592 3.59351e-07 1.31737e-08 0.00999899
757 955 50.9332 67.7392 -0.108592 3.59351e-07 1.31738e-08 0.00999899
759 956 50.9332 70.2954 -0.108592 3.59351e-07 1.31736e-08 0.00999899
761 957 50.9332 72.8516 -0.108592 3.59351e-07 1.31737e-08 0.00999899
763 958 50.9332 75.4078 -0.108592 3.59351e-07 1.31735e-08 0.00999899
765 959 50.9332 77.964 -0.108592 3.59351e-07 1.31738e-08 0.00999899
767 960 50.9332 80.5202 -0.108592 3.59351e-07 1.31737e-08 0.00999899
769 961 55.357 1.27824 -0.14174 2.11513e-07 4.75893e-09 0.00999801
771 962 55.357 3.83443 -0.14174 2.11513e-07 4.75902e-09 0.00999801
773 963 55.357 6.39063 -0.14174 2.11513e-07 4.75912e-09 0.00999801
775 964 55.357 8.94682 -0.14174 2.11513e-07 4.75914e-09 0.00999801
777 965 55.357 11.503 -0.14174 2.11513e-07 4.75906e-09 0.00999801
779 966 55.357 14.0592 -0.14174 2.11513e-07 4.75911e-09 0.00999801
781 967 55.357 16.6154 -0.14174 2.11513e-07 4.75906e-09 0.00999801
783 968 55.357 19.1716 -0.14174 2.11513e-07 4.75913e-09 0.00999801
785 969 55.357 21.7278 -0.14174 2.11513e-07 4.75912e-09 0.00999801
787 970 55.357 24.284 -0.14174 2.11513e-07 4.75905e-09 0.00999801
789 971 55.357 26.8402 -0.14174 2.11513e-07 4.75904e-09 0.00999801
791 972 55.357 29.3963 -0.14174 2.11513e-07 4.75916e-09 0.00999801
793 973 55.357 31.9525 -0.14174 2.11513e-07 4.7591e-09 0.00999801
795 974 55.357 34.5087 -0.14174 2.11513e-07 4.75905e-09 0.00999801
797 975 55.357 37.0649 -0.14174 2.11513e-07 4.75907e-09 0.00999801
799 976 55.357 39.6211 -0.14174 2.11513e-07 4.75909e-09 0.00999801
801 977 55.357 42.1773 -0.14174 2.11513e-07 4.75906e-09 0.00999801
803 978 55.357 44.7335 -0.14174 2.11513e-07 4.75915e-09 0.00999801
805 979 55.357 47.2897 -0.14174 2.11513e-07 4.75901e-09 0.00999801
807 980 55.357 49.8459 -0.14174 2.11513e-07 4.75909e-09 0.00999801
809 981 55.357 52.4021 -0.14174 2.11513e-07 4.75906e-09 0.00999801
811 982 55.357 54.9583 -0.14174 2.11513e-07 4.75908e-09 0.00999801
813 983 55.357 57.5144 -0.14174 2.11513e-07 4.75912e-09 0.00999801
815 984 55.357 60.0706 -0.14174 2.11513e-07 4.75895e-09 0.00999801
817 985 55.357 62.6268 -0.14174 2.11513e-07 4.75901e-09 0.00999801
819 986 55.357 65.183 -0.14174 2.11513e-07 4.75938e-09 0.00999801
821 987 55.357 67.7392 -0.14174 2.11513e-07 4.75912e-09 0.00999801
823 988 55.357 70.2954 -0.14174 2.11513e-07 4.75916e-09 0.00999801
825 989 55.357 72.8516 -0.14174 2.11513e-07 4.75916e-09 0.00999801
827 990 55.357 75.4078 -0.14174 2.11513e-07 4.75906e-09 0.00999801
829 991 55.357 77.964 -0.14174 2.11513e-07 4.75916e-09 0.00999801
831 992 55.357 80.5202 -0.14174 2.11513e-07 4.75943e-09 0.00999801
833 993 59.7804 1.27816 -0.16166 2.27564e-07 4.95418e-09 0.00999761
835 994 59.7804 3.83435 -0.16166 2.27564e-07 4.95428e-09 0.00999761
837 995 59.7804 6.39054 -0.16166 2.27564e-07 4.95441e-09 0.00999761
839 996 59.7804 8.94673 -0.16166 2.27564e-07 4.95429e-09 0.00999761
841 997 59.7804 11.5029 -0.16166 2.27564e-07 4.95433e-09 0.00999761
843 998 59.7804 14.0591 -0.16166 2.27564e-07 4.95434e-09 0.00999761
845 999 59.7804 16.6153 -0.16166 2.27564e-07 4.95431e-09 0.00999761
847 1000 59.7804 19.1715 -0.16166 2.27564e-07 4.95439e-09 0.00999761
849 1001 59.7804 21.7277 -0.16166 2.27564e-07 4.95428e-09 0.00999761
851 1002 59.7804 24.2839 -0.16166 2.27564e-07 4.95432e-09 0.00999761
853 1003 59.7804 26.8401 -0.16166 2.27564e-07 4.95429e-09 0.00999761
855 1004 59.7804 29.3963 -0.16166 2.27564e-07 4.95432e-09 0.00999761
857 1005 59.7804 31.9524 -0.16166 2.27564e-07 4.9544e-09 0.00999761
859 1006 59.7804 34.5086 -0.16166 2.27564e-07 4.95443e-09 0.00999761
861 1007 59.7804 37.0648 -0.16166 2.27564e-07 4.95437e-09 0.00999761
863 1008 59.7804 39.621 -0.16166 2.27564e-07 4.95445e-09 0.00999761
865 1009 59.7804 42.1772 -0.16166 2.27564e-07 4.95434e-09 0.00999761
867 1010 59.7804 44.7334 -0.16166 2.27564e-07 4.95443e-09 0.00999761
869 1011 59.7804 47.2896 -0.16166 2.27564e-07 4.95435e-09 0.00999761
871 1012 59.7804 49.8458 -0.16166 2.27564e-07 4.9544e-09 0.00999761
873 1013 59.7804 52.402 -0.16166 2.27564e-07 4.95442e-09 0.00999761
875 1014 59.7804 54.9582 -0.16166 2.27564e-07 4.95438e-09 0.00999761
877 1015 59.7804 57.5144 -0.16166 2.27564e-07 4.95442e-09 0.00999761
879 1016 59.7804 60.0706 -0.16166 2.27564e-07 4.95436e-09 0.00999761
881 1017 59.7804 62.6267 -0.16166 2.27564e-07 4.95425e-09 0.00999761
883 1018 59.7804 65.1829 -0.16166 2.27564e-07 4.95439e-09 0.00999761
885 1019 59.7804 67.7391 -0.16166 2.27564e-07 4.95435e-09 0.00999761
887 1020 59.7804 70.2953 -0.16166 2.27564e-07 4.95436e-09 0.00999761
889 1021 59.7804 72.8515 -0.16166 2.27563e-07 4.95422e-09 0.00999761
891 1022 59.7804 75.4077 -0.16166 2.27564e-07 4.95435e-09 0.00999761
893 1023 59.7804 77.9639 -0.16166 2.27564e-07 4.95436e-09 0.00999761
895 1024 59.7804 80.5201 -0.16166 2.27564e-07 4.9544e-09 0.00999761
897 1025 64.2041 1.27812 -0.174641 5.10704e-07 5.78825e-09 0.0099979
899 1026 64.2041 3.83431 -0.174641 5.10705e-07 5.78807e-09 0.0099979
901 1027 64.2041 6.3905 -0.174641 5.10705e-07 5.78817e-09 0.0099979
903 1028 64.2041 8.94669 -0.174641 5.10705e-07 5.78812e-09 0.0099979
905 1029 64.2041 11.5029 -0.174641 5.10705e-07 5.78813e-09 0.0099979
907 1030 64.2041 14.0591 -0.174641 5.10704e-07 5.78808e-09 0.0099979
909 1031 64.2041 16.6153 -0.174641 5.10704e-07 5.78812e-09 0.0099979
911 1032 64.2041 19.1715 -0.174641 5.10705e-07 5.78815e-09 0.0099979
913 1033 64.2041 21.7276 -0.174641 5.10705e-07 5.78815e-09 0.0099979
915 1034 64.2041 24.2838 -0.174641 5.10705e-07 5.78811e-09 0.0099979
917 1035 64.2041 26.84 -0.174641 5.10705e-07 5.78821e-09 0.0099979
919 1036 64.2041 29.3962 -0.174641 5.10705e-07 5.78807e-09 0.0099979
921 1037 64.2041 31.9524 -0.174641 5.10705e-07 5.78816e-09 0.0099979
923 1038 64.2041 34.5086 -0.174641 5.10705e-07 5.78807e-09 0.0099979
925 1039 64.2041 37.0648 -0.174641 5.10705e-07 5.78816e-09 0.0099979
927 1040 64.2041 39.621 -0.174641 5.10704e-07 5.78811e-09 0.0099979
929 1041 64.2041 42.1772 -0.174641 5.10705e-07 5.78815e-09 0.0099979
931 1042 64.2041 44.7334 -0.174641 5.10704e-07 5.78805e-09 0.0099979
933 1043 64.2041 47.2896 -0.174641 5.10705e-07 5.78817e-09 0.0099979
935 1044 64.2041 49.8457 -0.174641 5.10705e-07 5.78802e-09 0.0099979
937 1045 64.2041 52.4019 -0.174641 5.10704e-07 5.78808e-09 0.0099979
939 1046 64.2041 54.9581 -0.174641 5.10705e-07 5.78825e-09 0.0099979
941 1047 64.2041 57.5143 -0.174641 5.10705e-07 5.78807e-09 0.0099979
943 1048 64.2041 60.0705 -0.174641 5.10704e-07 5.78803e-09 0.0099979
945 1049 64.2041 62.6267 -0.174641 5.10704e-07 5.7883e-09 0.0099979
947 1050 64.2041 65.1829 -0.174641 5.10705e-07 5.78804e-09 0.0099979
949 1051 64.2041 67.7391 -0.174641 5.10704e-07 5.78814e-09 0.0099979
951 1052 64.2041 70.2953 -0.174641 5.10705e-07 5.78811e-09 0.0099979
953 1053 64.2041 72.8515 -0.174641 5.10705e-07 5.788e-09 0.0099979
955 1054 64.2041 75.4077 -0.174641 5.10704e-07 5.78823e-09 0.0099979
957 1055 64.2041 77.9638 -0.174641 5.10704e-07 5.78803e-09 0.0099979
959 1056 64.2041 80.52 -0.174641 5.10705e-07 5.78804e-09 0.0099979
961 1057 68.6284 1.27807 -0.182682 3.49325e-07 2.56331e-08 0.00999741
963 1058 68.6284 3.83426 -0.182682 3.49325e-07 2.56329e-08 0.00999741
965 1059 68.6284 6.39045 -0.182682 3.49325e-07 2.56329e-08 0.00999741
967 1060 68.6284 8.94664 -0.182682 3.49325e-07 2.5633e-08 0.00999741
969 1061 68.6284 11.5028 -0.182682 3.49325e-07 2.56329e-08 0.00999741
971 1062 68.6284 14.059 -0.182682 3.49325e-07 2.56329e-08 0.00999741
973 1063 68.6284 16.6152 -0.182682 3.49325e-07 2.5633e-08 0.00999741
975 1064 68.6284 19.1714 -0.182682 3.49325e-07 2.56329e-08 0.00999741
977 1065 68.6284 21.7276 -0.182682 3.49325e-07 2.56329e-08 0.00999741
979 1066 68.6284 24.2838 -0.182682 3.49325e-07 2.56329e-08 0.00999741
981 1067 68.6284 26.84 -0.182682 3.49325e-07 2.56329e-08 0.00999741
983 1068 68.6284 29.3962 -0.182682 3.49325e-07 2.56329e-08 0.00999741
985 1069 68.6284 31.9524 -0.182682 3.49325e-07 2.5633e-08 0.00999741
987 1070 68.6284 34.5085 -0.182682 3.49325e-07 2.56329e-08 0.00999741
989 1071 68.6284 37.0647 -0.182682 3.49325e-07 2.5633e-08 0.00999741
991 1072 68.6284 39.6209 -0.182682 3.49325e-07 2.56329e-08 0.00999741
993 1073 68.6284 42.1771 -0.182682 3.49325e-07 2.5633e-08 0.00999741
995 1074 68.6284 44.7333 -0.182682 3.49325e-07 2.56331e-08 0.00999741
997 1075 68.6284 47.2895 -0.182682 3.49325e-07 2.5633e-08 0.00999741
999 1076 68.6284 49.8457 -0.182682 3.49325e-07 2.56329e-08 0.00999741
1001 1077 68.6284 52.4019 -0.182682 3.49325e-07 2.56331e-08 0.00999741
1003 1078 68.6284 54.9581 -0.182682 3.49325e-07 2.56329e-08 0.00999741
1005 1079 68.6284 57.5143 -0.182682 3.49325e-07 2.56329e-08 0.00999741
1007 1080 68.6284 60.0705 -0.182682 3.49325e-07 2.56332e-08 0.00999741
1009 1081 68.6284 62.6267 -0.182682 3.49325e-07 2.56333e-08 0.00999741
1011 1082 68.6284 65.1828 -0.182682 3.49325e-07 2.56327e-08 0.00999741
1013 1083 68.6284 67.739 -0.182682 3.49325e-07 2.56329e-08 0.00999741
1015 1084 68.6284 70.2952 -0.182682 3.49325e-07 2.56329e-08 0.00999741
1017 1085 68.6284 72.8514 -0.182682 3.49325e-07 2.56327e-08 0.00999741
1019 1086 68.6284 75.4076 -0.182682 3.49325e-07 2.56329e-08 0.00999741
1021 1087 68.6284 77.9638 -0.182682 3.49325e-07 2.5633e-08 0.00999741
1023 1088 68.6284 80.52 -0.182682 3.49325e-07 2.56327e-08 0.00999741
1025 1089 73.0533 1.27806 -0.187382 3.26898e-08 -3.27868e-08 0.00999645
1027 1090 73.0533 3.83425 -0.187382 3.26899e-08 -3.27867e-08 0.00999645
1029 1091 73.0533 6.39044 -0.187382 3.26897e-08 -3.27867e-08 0.00999645
1031 1092 73.0533 8.94663 -0.187382 3.26897e-08 -3.27868e-08 0.00999645
1033 1093 73.0533 11.5028 -0.187382 3.26895e-08 -3.27868e-08 0.00999645
1035 1094 73.0533 14.059 -0.187382 3.26895e-08 -3.27867e-08 0.00999645
1037 1095 73.0533 16.6152 -0.187382 3.26898e-08 -3.27867e-08 0.00999645
1039 1096 73.0533 19.1714 -0.187382 3.26898e-08 -3.27868e-08 0.00999645
1041 1097 73.0533 21.7276 -0.187382 3.26898e-08 -3.27868e-08 0.00999645
1043 1098 73.0533 24.2838 -0.187382 3.26895e-08 -3.27868e-08 0.00999645
1045 1099 73.0533 26.84 -0.187382 3.26895e-08 -3.27868e-08 0.00999645
1047 1100 73.0533 29.3962 -0.187382 3.26896e-08 -3.27867e-08 0.00999645
1049 1101 73.0533 31.9523 -0.187382 3.26898e-08 -3.27869e-08 0.00999645
1051 1102 73.0533 34.5085 -0.187382 3.26897e-08 -3.27868e-08 0.00999645
1053 1103 73.0533 37.0647 -0.187382 3.26896e-08 -3.27867e-08 0.00999645
1055 1104 73.0533 39.6209 -0.187382 3.26895e-08 -3.27867e-08 0.00999645
1057 1105 73.0533 42.1771 -0.187382 3.26895e-08 -3.27867e-08 0.00999645
1059 1106 73.0533 44.7333 -0.187382 3.26895e-08 -3.27867e-08 0.00999645
1061 1107 73.0533 47.2895 -0.187382 3.26897e-08 -3.27868e-08 0.00999645
1063 1108 73.0533 49.8457 -0.187382 3.26899e-08 -3.27867e-08 0.00999645
1065 1109 73.0533 52.4019 -0.187382 3.26898e-08 -3.27868e-08 0.00999645
1067 1110 73.0533 54.9581 -0.187382 3.26895e-08 -3.27868e-08 0.00999645
1069 1111 73.0533 57.5143 -0.187382 3.26898e-08 -3.27867e-08 0.00999645
1071 1112 73.0533 60.0704 -0.187382 3.26899e-08 -3.27867e-08 0.00999645
1073 1113 73.0533 62.6266 -0.187382 3.26895e-08 -3.27868e-08 0.00999645
1075 1114 73.0533 65.1828 -0.187382 3.26896e-08 -3.27868e-08 0.00999645
1077 1115 73.0533 67.739 -0.187382 3.26896e-08 -3.27868e-08 0.00999645
1079 1116 73.0533 70.2952 -0.187382 3.26899e-08 -3.27868e-08 0.00999645
1081 1117 73.0533 72.8514 -0.187382 3.26898e-08 -3.27868e-08 0.00999645
1083 1118 73.0533 75.4076 -0.187382 3.26895e-08 -3.27868e-08 0.00999645
1085 1119 73.0533 77.9638 -0.187382 3.26898e-08 -3.27869e-08 0.00999645
1087 1120 73.0533 80.52 -0.187382 3.26898e-08 -3.27868e-08 0.00999645
1089 1121 77.4785 1.27805 -0.189653 1.92911e-07 4.60739e-09 0.00999755
1091 1122 77.4785 3.83425 -0.189653 1.92911e-07 4.60719e-09 0.00999755
1093 1123 77.4785 6.39044 -0.189653 1.92911e-07 4.60722e-09 0.00999755
1095 1124 77.4785 8.94663 -0.189653 1.92911e-07 4.60728e-09 0.00999755
1097 1125 77.4785 11.5028 -0.189653 1.92911e-07 4.60726e-09 0.00999755
1099 1126 77.4785 14.059 -0.189653 1.92911e-07 4.60719e-09 0.00999755
1101 1127 77.4785 16.6152 -0.189653 1.92911e-07 4.6073e-09 0.00999755
1103 1128 77.4785 19.1714 -0.189653 1.92911e-07 4.60721e-09 0.00999755
1105 1129 77.4785 21.7276 -0.189653 1.92911e-07 4.60725e-09 0.00999755
1107 1130 77.4785 24.2838 -0.189653 1.92911e-07 4.60728e-09 0.00999755
1109 1131 77.4785 26.84 -0.189653 1.92911e-07 4.60721e-09 0.00999755
1111 1132 77.4785 29.3962 -0.189653 1.92911e-07 4.60717e-09 0.00999755
1113 1133 77.4785 31.9523 -0.189653 1.92911e-07 4.60737e-09 0.00999755
1115 1134 77.4785 34.5085 -0.189653 1.92911e-07 4.60732e-09 0.00999755
1117 1135 77.4785 37.0647 -0.189653 1.92911e-07 4.60719e-09 0.00999755
1119 1136 77.4785 39.6209 -0.189653 1.92911e-07 4.60734e-09 0.00999755
1121 1137 77.4785 42.1771 -0.189653 1.92911e-07 4.60728e-09 0.00999755
1123 1138 77.4785 44.7333 -0.189653 1.92911e-07 4.6073e-09 0.00999755
1125 1139 77.4785 47.2895 -0.189653 1.92911e-07 4.6073e-09 0.00999755
1127 1140 77.4785 49.8457 -0.189653 1.92911e-07 4.60716e-09 0.00999755
1129 1141 77.4785 52.4019 -0.189653 1.92911e-07 4.60743e-09 0.00999755
1131 1142 77.4785 54.9581 -0.189653 1.92911e-07 4.60723e-09 0.00999755
1133 1143 77.4785 57.5143 -0.189653 1.92911e-07 4.60731e-09 0.00999755
1135 1144 77.4785 60.0704 -0.189653 1.92911e-07 4.60732e-09 0.00999755
1137 1145 77.4785 62.6266 -0.189653 1.92911e-07 4.60722e-09 0.00999755
1139 1146 77.4785 65.1828 -0.189653 1.92911e-07 4.60727e-09 0.00999755
1141 1147 77.4785 67.739 -0.189653 1.92911e-07 4.60716e-09 0.00999755
1143 1148 77.4785 70.2952 -0.189653 1.92911e-07 4.60722e-09 0.00999755
1145 1149 77.4785 72.8514 -0.189653 1.92911e-07 4.60713e-09 0.00999755
1147 1150 77.4785 75.4076 -0.189653 1.92911e-07 4.6072e-09 0.00999755
1149 1151 77.4785 77.9638 -0.189653 1.92911e-07 4.60727e-09 0.00999755
1151 1152 77.4785 80.52 -0.189653 1.92911e-07 4.60714e-09 0.00999755
